k		corr_k
0		1.000000
100		0.887104
200		0.788855
300		0.701871
400		0.627700
500		0.564961
600		0.510774
700		0.463720
800		0.420937
900		0.380782
1000		0.345288
1100		0.315072
1200		0.287146
1300		0.262716
1400		0.242202
1500		0.224523
1600		0.208570
1700		0.195007
1800		0.183619
1900		0.174653
2000		0.164186
2100		0.153932
2200		0.145677
2300		0.137912
2400		0.132650
2500		0.127981
2600		0.122800
2700		0.116143
2800		0.109036
2900		0.104395
3000		0.099683
3100		0.093046
3200		0.084924
3300		0.078871
3400		0.072482
3500		0.066888
3600		0.063096
3700		0.059296
3800		0.051686
3900		0.044884
4000		0.039802
4100		0.036282
4200		0.028132
4300		0.019434
4400		0.013196
4500		0.008466
4600		0.004292
4700		0.002250
4800		-0.000003
4900		-0.001742
5000		-0.001973
5100		-0.000259
5200		-0.000918
5300		-0.002347
5400		-0.002693
5500		-0.001917
5600		-0.002685
5700		-0.005966
5800		-0.011684
5900		-0.015416
6000		-0.017100
6100		-0.017948
6200		-0.018523
6300		-0.019782
6400		-0.021227
6500		-0.020852
6600		-0.019898
6700		-0.017718
6800		-0.016387
6900		-0.014995
7000		-0.011874
7100		-0.009845
7200		-0.007525
7300		-0.006760
7400		-0.008249
7500		-0.008182
7600		-0.008577
7700		-0.007065
7800		-0.005793
7900		-0.004419
8000		-0.002681
8100		-0.000482
8200		0.001566
8300		0.000785
8400		-0.001472
8500		-0.002410
8600		-0.003363
8700		-0.004930
8800		-0.005388
8900		-0.007638
9000		-0.013751
9100		-0.021401
9200		-0.025424
9300		-0.029296
9400		-0.030433
9500		-0.032240
9600		-0.031728
9700		-0.029566
9800		-0.026816
9900		-0.024959
10000		-0.025335
10100		-0.023135
10200		-0.019023
10300		-0.015683
10400		-0.010793
10500		-0.005294
10600		0.001189
10700		0.007351
10800		0.011638
10900		0.013157
11000		0.014739
11100		0.016910
11200		0.018328
11300		0.022060
11400		0.025716
11500		0.027714
11600		0.031142
11700		0.032180
11800		0.034567
11900		0.034718
12000		0.036163
12100		0.038380
12200		0.043589
12300		0.047442
12400		0.050237
12500		0.052179
12600		0.051703
12700		0.047943
12800		0.044483
12900		0.043990
13000		0.041436
13100		0.043122
13200		0.044175
13300		0.043861
13400		0.042917
13500		0.039893
13600		0.036969
13700		0.034317
13800		0.034444
13900		0.032495
14000		0.030465
14100		0.031448
14200		0.029613
14300		0.024327
14400		0.016082
14500		0.008399
14600		0.001526
14700		-0.004069
14800		-0.007845
14900		-0.008643
15000		-0.010790
15100		-0.010352
15200		-0.008336
15300		-0.002064
15400		0.003412
15500		0.008554
15600		0.010268
15700		0.014270
15800		0.020643
15900		0.024493
16000		0.024906
16100		0.023653
16200		0.020756
16300		0.017618
16400		0.015661
16500		0.014616
16600		0.014124
16700		0.012859
16800		0.012091
16900		0.010242
17000		0.007640
17100		0.005180
17200		0.004564
17300		0.004350
17400		0.000992
17500		-0.001071
17600		-0.002776
17700		-0.004659
17800		-0.005730
17900		-0.006194
18000		-0.008513
18100		-0.011415
18200		-0.012518
18300		-0.013216
18400		-0.011585
18500		-0.011513
18600		-0.010174
18700		-0.007881
18800		-0.002916
18900		0.001505
19000		0.009313
19100		0.016001
19200		0.018113
19300		0.015925
19400		0.013531
19500		0.011219
19600		0.009277
19700		0.007220
19800		0.001918
19900		-0.004681
20000		-0.011048
20100		-0.016788
20200		-0.021553
20300		-0.026910
20400		-0.032039
20500		-0.033743
20600		-0.032973
20700		-0.033916
20800		-0.035743
20900		-0.036382
21000		-0.038390
21100		-0.041346
21200		-0.042532
21300		-0.041745
21400		-0.041740
21500		-0.041437
21600		-0.042220
21700		-0.043168
21800		-0.043673
21900		-0.043910
22000		-0.043023
22100		-0.039624
22200		-0.035562
22300		-0.033252
22400		-0.029928
22500		-0.030936
22600		-0.031564
22700		-0.032809
22800		-0.031881
22900		-0.028675
23000		-0.025601
23100		-0.023915
23200		-0.024821
23300		-0.024311
23400		-0.025881
23500		-0.029505
23600		-0.031802
23700		-0.034432
23800		-0.036517
23900		-0.033754
24000		-0.030921
24100		-0.030484
24200		-0.026568
24300		-0.025276
24400		-0.025054
24500		-0.024372
24600		-0.022487
24700		-0.021246
24800		-0.019844
24900		-0.018431
25000		-0.015672
25100		-0.012101
25200		-0.012205
25300		-0.012262
25400		-0.012310
25500		-0.006967
25600		-0.001164
25700		0.005304
25800		0.010341
25900		0.012791
26000		0.011560
26100		0.007513
26200		0.002829
26300		-0.001612
26400		-0.002870
26500		-0.002466
26600		-0.000380
26700		-0.000113
26800		-0.003906
26900		-0.005962
27000		-0.006058
27100		-0.008563
27200		-0.010196
27300		-0.011840
27400		-0.013692
27500		-0.014092
27600		-0.014199
27700		-0.015274
27800		-0.015243
27900		-0.014943
28000		-0.008772
28100		-0.006621
28200		-0.004301
28300		-0.002571
28400		-0.000893
28500		0.002877
28600		0.008639
28700		0.012336
28800		0.013047
28900		0.014373
29000		0.013162
29100		0.013751
29200		0.012445
29300		0.007079
29400		0.003628
29500		0.001359
29600		-0.000149
29700		-0.000360
29800		-0.001671
29900		-0.000328
30000		-0.000503
30100		-0.001630
30200		-0.002120
30300		-0.000683
30400		-0.000029
30500		-0.001440
30600		-0.003859
30700		-0.007066
30800		-0.012720
30900		-0.017068
31000		-0.018339
31100		-0.018012
31200		-0.015574
31300		-0.012372
31400		-0.010503
31500		-0.006985
31600		-0.003667
31700		0.000830
31800		0.006220
31900		0.010246
32000		0.013727
32100		0.015617
32200		0.018007
32300		0.022304
32400		0.026326
32500		0.028515
32600		0.027415
32700		0.023021
32800		0.017401
32900		0.012264
33000		0.006454
33100		0.001684
33200		-0.003882
33300		-0.006712
33400		-0.009163
33500		-0.012102
33600		-0.014928
33700		-0.018888
33800		-0.021848
33900		-0.026869
34000		-0.030115
34100		-0.036330
34200		-0.043187
34300		-0.052538
34400		-0.057016
34500		-0.060062
34600		-0.063281
34700		-0.063644
34800		-0.064160
34900		-0.067075
35000		-0.066871
35100		-0.069087
35200		-0.071210
35300		-0.072684
35400		-0.073943
35500		-0.073777
35600		-0.070543
35700		-0.068253
35800		-0.066832
35900		-0.065962
36000		-0.070295
36100		-0.077330
36200		-0.083565
36300		-0.087775
36400		-0.090490
36500		-0.090867
36600		-0.091068
36700		-0.091873
36800		-0.090024
36900		-0.086885
37000		-0.083417
37100		-0.077517
37200		-0.071591
37300		-0.067289
37400		-0.063357
37500		-0.059699
37600		-0.058352
37700		-0.058042
37800		-0.057695
37900		-0.056247
38000		-0.056103
38100		-0.057406
38200		-0.058840
38300		-0.059947
38400		-0.062589
38500		-0.064237
38600		-0.064695
38700		-0.061888
38800		-0.055298
38900		-0.050301
39000		-0.046447
39100		-0.041267
39200		-0.034817
39300		-0.028748
39400		-0.024342
39500		-0.021495
39600		-0.020783
39700		-0.017855
39800		-0.015959
39900		-0.015452
40000		-0.014792
40100		-0.015642
40200		-0.013909
40300		-0.010225
40400		-0.006424
40500		-0.001863
40600		0.002006
40700		0.001934
40800		0.001365
40900		0.002819
41000		0.004380
41100		0.006922
41200		0.013244
41300		0.017924
41400		0.021683
41500		0.020019
41600		0.016158
41700		0.013837
41800		0.011582
41900		0.008885
42000		0.008034
42100		0.010053
42200		0.013719
42300		0.019897
42400		0.026365
42500		0.031625
42600		0.033291
42700		0.034967
42800		0.036214
42900		0.037404
43000		0.039668
43100		0.041506
43200		0.040270
43300		0.036827
43400		0.028960
43500		0.020343
43600		0.013492
43700		0.006721
43800		0.002546
43900		-0.000836
44000		-0.006752
44100		-0.009714
44200		-0.011436
44300		-0.010905
44400		-0.006627
44500		-0.003567
44600		-0.002153
44700		-0.001349
44800		-0.000193
44900		0.001071
45000		-0.001082
45100		-0.003466
45200		-0.005815
45300		-0.006797
45400		-0.006881
45500		-0.009288
45600		-0.013166
45700		-0.013440
45800		-0.010989
45900		-0.006014
46000		0.000227
46100		0.005979
46200		0.010401
46300		0.011666
46400		0.009297
46500		0.005160
46600		0.000585
46700		-0.006354
46800		-0.012689
46900		-0.016117
47000		-0.015050
47100		-0.014101
47200		-0.013522
47300		-0.013798
47400		-0.010097
47500		-0.007494
47600		-0.005807
47700		-0.005291
47800		-0.003806
47900		-0.001060
48000		0.002578
48100		0.007674
48200		0.008682
48300		0.008119
48400		0.008271
48500		0.006457
48600		0.003478
48700		-0.001896
48800		-0.005431
48900		-0.008452
49000		-0.012111
49100		-0.018540
49200		-0.025593
49300		-0.031015
49400		-0.035173
49500		-0.037321
49600		-0.041857
49700		-0.045626
49800		-0.047096
49900		-0.044981
50000		-0.040010
50100		-0.036892
50200		-0.037276
50300		-0.038817
50400		-0.042266
50500		-0.047957
50600		-0.051492
50700		-0.052925
50800		-0.053731
50900		-0.053763
51000		-0.054584
51100		-0.055796
51200		-0.056075
51300		-0.057567
51400		-0.059333
51500		-0.060545
51600		-0.059481
51700		-0.055612
51800		-0.054626
51900		-0.055071
52000		-0.059385
52100		-0.065107
52200		-0.072219
52300		-0.082033
52400		-0.090807
52500		-0.097114
52600		-0.099871
52700		-0.100611
52800		-0.099252
52900		-0.096555
53000		-0.094713
53100		-0.093954
53200		-0.092753
53300		-0.090198
53400		-0.088230
53500		-0.085581
53600		-0.081753
53700		-0.077205
53800		-0.075461
53900		-0.076769
54000		-0.077353
54100		-0.075841
54200		-0.075848
54300		-0.076849
54400		-0.076851
54500		-0.076090
54600		-0.070353
54700		-0.065148
54800		-0.059957
54900		-0.056060
55000		-0.056191
55100		-0.055871
55200		-0.054523
55300		-0.054148
55400		-0.055849
55500		-0.055791
55600		-0.054281
55700		-0.052639
55800		-0.049814
55900		-0.047101
56000		-0.044137
56100		-0.041802
56200		-0.036966
56300		-0.030654
56400		-0.025256
56500		-0.021884
56600		-0.019607
56700		-0.016238
56800		-0.011992
56900		-0.006668
57000		-0.001608
57100		0.002656
57200		0.007053
57300		0.009141
57400		0.009722
57500		0.011048
57600		0.012771
57700		0.013732
57800		0.016509
57900		0.019829
58000		0.022512
58100		0.024974
58200		0.028954
58300		0.033537
58400		0.038609
58500		0.044184
58600		0.047933
58700		0.050284
58800		0.053321
58900		0.056847
59000		0.058870
59100		0.057610
59200		0.056733
59300		0.054408
59400		0.051248
59500		0.050566
59600		0.048111
59700		0.045918
59800		0.041868
59900		0.038657
60000		0.037237
60100		0.036314
60200		0.036831
60300		0.038570
60400		0.042669
60500		0.045409
60600		0.045279
60700		0.041432
60800		0.037902
60900		0.037382
61000		0.036485
61100		0.036528
61200		0.038093
61300		0.037536
61400		0.036772
61500		0.039181
61600		0.041377
61700		0.043358
61800		0.044715
61900		0.044895
62000		0.045326
62100		0.047247
62200		0.047032
62300		0.044835
62400		0.044044
62500		0.042116
62600		0.042453
62700		0.041779
62800		0.036541
62900		0.029022
63000		0.020378
63100		0.011995
63200		0.004020
63300		-0.002000
63400		-0.008026
63500		-0.012163
63600		-0.014946
63700		-0.017439
63800		-0.021472
63900		-0.024609
64000		-0.026725
64100		-0.029215
64200		-0.031169
64300		-0.030486
64400		-0.029562
64500		-0.027936
64600		-0.026842
64700		-0.027154
64800		-0.026323
64900		-0.027854
65000		-0.028750
65100		-0.028671
65200		-0.026726
65300		-0.024503
65400		-0.021472
65500		-0.021539
65600		-0.022341
65700		-0.023614
65800		-0.022815
65900		-0.020200
66000		-0.016565
66100		-0.012289
66200		-0.010703
66300		-0.013153
66400		-0.015814
66500		-0.019942
66600		-0.024301
66700		-0.029557
66800		-0.033238
66900		-0.037846
67000		-0.040892
67100		-0.041058
67200		-0.040588
67300		-0.040410
67400		-0.039026
67500		-0.038653
67600		-0.041024
67700		-0.040553
67800		-0.040016
67900		-0.039510
68000		-0.041588
68100		-0.043669
68200		-0.044751
68300		-0.044329
68400		-0.043418
68500		-0.041854
68600		-0.040390
68700		-0.038420
68800		-0.037356
68900		-0.035120
69000		-0.031043
69100		-0.027384
69200		-0.022446
69300		-0.018748
69400		-0.013454
69500		-0.009342
69600		-0.006591
69700		-0.005005
69800		-0.004197
69900		-0.006307
70000		-0.012098
70100		-0.017646
70200		-0.026793
70300		-0.031921
70400		-0.033130
70500		-0.030591
70600		-0.028661
70700		-0.024226
70800		-0.019648
70900		-0.014480
71000		-0.009331
71100		-0.003426
71200		0.000470
71300		0.005198
71400		0.008970
71500		0.007858
71600		0.007133
71700		0.007149
71800		0.010095
71900		0.014541
72000		0.017561
72100		0.021336
72200		0.025800
72300		0.026024
72400		0.026960
72500		0.027607
72600		0.025742
72700		0.023308
72800		0.019144
72900		0.016599
73000		0.014761
73100		0.011985
73200		0.007335
73300		0.003902
73400		0.001385
73500		-0.000195
73600		-0.001279
73700		-0.000179
73800		0.000562
73900		0.002908
74000		0.008028
74100		0.011819
74200		0.013613
74300		0.014383
74400		0.014366
74500		0.016903
74600		0.020553
74700		0.024550
74800		0.027949
74900		0.028731
75000		0.029111
75100		0.029382
75200		0.029941
75300		0.028742
75400		0.025864
75500		0.022246
75600		0.017498
75700		0.012545
75800		0.008747
75900		0.007204
76000		0.008263
76100		0.008866
76200		0.009953
76300		0.010052
76400		0.012214
76500		0.012553
76600		0.012869
76700		0.012843
76800		0.012380
76900		0.011743
77000		0.010547
77100		0.007693
77200		0.004760
77300		0.001051
77400		-0.002324
77500		-0.005112
77600		-0.005854
77700		-0.006631
77800		-0.007964
77900		-0.011599
78000		-0.014086
78100		-0.017389
78200		-0.019591
78300		-0.021139
78400		-0.021991
78500		-0.023585
78600		-0.023532
78700		-0.022494
78800		-0.020352
78900		-0.019830
79000		-0.020762
79100		-0.025053
79200		-0.028712
79300		-0.034080
79400		-0.037295
79500		-0.038410
79600		-0.040518
79700		-0.039079
79800		-0.037473
79900		-0.038705
80000		-0.041787
80100		-0.042970
80200		-0.039873
80300		-0.039666
80400		-0.040325
80500		-0.042877
80600		-0.039782
80700		-0.036222
80800		-0.034744
80900		-0.036556
81000		-0.036253
81100		-0.035366
81200		-0.036613
81300		-0.035635
81400		-0.035379
81500		-0.033092
81600		-0.028358
81700		-0.023581
81800		-0.018294
81900		-0.013014
82000		-0.008525
82100		-0.001930
82200		0.002507
82300		0.005359
82400		0.007737
82500		0.010878
82600		0.011962
82700		0.010603
82800		0.008804
82900		0.006027
83000		0.002571
83100		-0.001356
83200		-0.003562
83300		-0.007023
83400		-0.011072
83500		-0.011540
83600		-0.013006
83700		-0.014700
83800		-0.012878
83900		-0.010198
84000		-0.006675
84100		-0.006971
84200		-0.007279
84300		-0.008920
84400		-0.009784
84500		-0.008267
84600		-0.009435
84700		-0.011417
84800		-0.011979
84900		-0.010257
85000		-0.006909
85100		-0.002427
85200		0.002383
85300		0.007124
85400		0.012796
85500		0.016778
85600		0.017780
85700		0.014429
85800		0.010826
85900		0.008089
86000		0.007495
86100		0.004588
86200		0.003364
86300		0.001540
86400		-0.001403
86500		-0.002142
86600		0.000719
86700		0.005135
86800		0.006387
86900		0.006583
87000		0.006468
87100		0.003984
87200		0.003572
87300		0.001998
87400		0.001047
87500		0.003540
87600		0.006382
87700		0.013040
87800		0.019321
87900		0.024822
88000		0.028264
88100		0.028385
88200		0.028176
88300		0.027113
88400		0.026796
88500		0.027474
88600		0.030812
88700		0.034039
88800		0.032922
88900		0.028951
89000		0.026228
89100		0.025352
89200		0.027569
89300		0.029832
89400		0.027333
89500		0.023038
89600		0.020865
89700		0.017184
89800		0.015505
89900		0.013026
90000		0.009192
90100		0.005170
90200		0.002709
90300		0.005674
90400		0.008696
90500		0.011384
90600		0.013307
90700		0.014444
90800		0.013975
90900		0.012224
91000		0.011573
91100		0.011046
91200		0.010760
91300		0.010665
91400		0.010572
91500		0.008604
91600		0.006893
91700		0.008846
91800		0.010277
91900		0.008530
92000		0.005755
92100		0.001526
92200		-0.003179
92300		-0.004800
92400		-0.005004
92500		-0.005924
92600		-0.009974
92700		-0.016987
92800		-0.021849
92900		-0.024367
93000		-0.026203
93100		-0.027024
93200		-0.025834
93300		-0.023210
93400		-0.020182
93500		-0.018951
93600		-0.020291
93700		-0.021283
93800		-0.022397
93900		-0.023912
94000		-0.026693
94100		-0.026755
94200		-0.022576
94300		-0.015072
94400		-0.010728
94500		-0.008209
94600		-0.004325
94700		0.001170
94800		0.007188
94900		0.012412
95000		0.016771
95100		0.018250
95200		0.019220
95300		0.019056
95400		0.021632
95500		0.022360
95600		0.021839
95700		0.016642
95800		0.009698
95900		0.005131
96000		0.002260
96100		0.004070
96200		0.009241
96300		0.012630
96400		0.016533
96500		0.018044
96600		0.020815
96700		0.021490
96800		0.021914
96900		0.021323
97000		0.020877
97100		0.020209
97200		0.020600
97300		0.020593
97400		0.018617
97500		0.015222
97600		0.012761
97700		0.012614
97800		0.012784
97900		0.011855
98000		0.010370
98100		0.010576
98200		0.006392
98300		0.001625
98400		-0.005047
98500		-0.011526
98600		-0.015244
98700		-0.018924
98800		-0.020885
98900		-0.021694
99000		-0.022867
99100		-0.024764
99200		-0.025725
99300		-0.025841
99400		-0.024041
99500		-0.021434
99600		-0.019930
99700		-0.019003
99800		-0.018832
99900		-0.018618
