k		corr_k
0		1.000000
10		0.999572
20		0.999493
30		0.999457
40		0.999427
50		0.999374
60		0.999306
70		0.999293
80		0.999287
90		0.999288
100		0.999277
110		0.999268
120		0.999217
130		0.999185
140		0.999151
150		0.999103
160		0.999057
170		0.999038
180		0.999042
190		0.998986
200		0.998934
210		0.998888
220		0.998927
230		0.998930
240		0.998846
250		0.998843
260		0.998840
270		0.998818
280		0.998752
290		0.998697
300		0.998669
310		0.998632
320		0.998631
330		0.998652
340		0.998667
350		0.998696
360		0.998654
370		0.998606
380		0.998608
390		0.998588
400		0.998539
410		0.998541
420		0.998493
430		0.998434
440		0.998359
450		0.998314
460		0.998267
470		0.998227
480		0.998159
490		0.998144
500		0.998181
510		0.998158
520		0.998147
530		0.998138
540		0.998093
550		0.998043
560		0.998023
570		0.998044
580		0.998064
590		0.998006
600		0.997940
610		0.997922
620		0.997932
630		0.997902
640		0.997829
650		0.997771
660		0.997781
670		0.997759
680		0.997731
690		0.997755
700		0.997732
710		0.997685
720		0.997692
730		0.997681
740		0.997692
750		0.997658
760		0.997615
770		0.997611
780		0.997605
790		0.997570
800		0.997475
810		0.997396
820		0.997380
830		0.997373
840		0.997336
850		0.997334
860		0.997319
870		0.997308
880		0.997314
890		0.997288
900		0.997258
910		0.997280
920		0.997290
930		0.997286
940		0.997243
950		0.997185
960		0.997137
970		0.997159
980		0.997141
990		0.997094
1000		0.997011
1010		0.996967
1020		0.996939
1030		0.996882
1040		0.996864
1050		0.996791
1060		0.996742
1070		0.996697
1080		0.996641
1090		0.996627
1100		0.996612
1110		0.996602
1120		0.996557
1130		0.996524
1140		0.996518
1150		0.996511
1160		0.996525
1170		0.996545
1180		0.996577
1190		0.996588
1200		0.996573
1210		0.996532
1220		0.996497
1230		0.996423
1240		0.996416
1250		0.996396
1260		0.996386
1270		0.996380
1280		0.996365
1290		0.996319
1300		0.996253
1310		0.996215
1320		0.996248
1330		0.996237
1340		0.996191
1350		0.996148
1360		0.996115
1370		0.996120
1380		0.996087
1390		0.996070
1400		0.996055
1410		0.995999
1420		0.995937
1430		0.995922
1440		0.995900
1450		0.995947
1460		0.995961
1470		0.995942
1480		0.995909
1490		0.995909
1500		0.995875
1510		0.995834
1520		0.995781
1530		0.995775
1540		0.995775
1550		0.995783
1560		0.995777
1570		0.995766
1580		0.995792
1590		0.995803
1600		0.995808
1610		0.995832
1620		0.995847
1630		0.995831
1640		0.995753
1650		0.995697
1660		0.995664
1670		0.995588
1680		0.995544
1690		0.995541
1700		0.995527
1710		0.995477
1720		0.995434
1730		0.995451
1740		0.995425
1750		0.995402
1760		0.995412
1770		0.995387
1780		0.995360
1790		0.995343
1800		0.995347
1810		0.995362
1820		0.995347
1830		0.995363
1840		0.995387
1850		0.995359
1860		0.995324
1870		0.995302
1880		0.995256
1890		0.995224
1900		0.995179
1910		0.995165
1920		0.995176
1930		0.995202
1940		0.995180
1950		0.995148
1960		0.995118
1970		0.995111
1980		0.995084
1990		0.994998
2000		0.994994
2010		0.994985
2020		0.994965
2030		0.994965
2040		0.994912
2050		0.994864
2060		0.994831
2070		0.994788
2080		0.994750
2090		0.994732
2100		0.994771
2110		0.994763
2120		0.994787
2130		0.994778
2140		0.994726
2150		0.994711
2160		0.994652
2170		0.994615
2180		0.994575
2190		0.994533
2200		0.994522
2210		0.994509
2220		0.994475
2230		0.994468
2240		0.994478
2250		0.994502
2260		0.994498
2270		0.994447
2280		0.994415
2290		0.994422
2300		0.994381
2310		0.994393
2320		0.994342
2330		0.994300
2340		0.994267
2350		0.994202
2360		0.994164
2370		0.994138
2380		0.994137
2390		0.994141
2400		0.994114
2410		0.994077
2420		0.994079
2430		0.994057
2440		0.994051
2450		0.994039
2460		0.993991
2470		0.993968
2480		0.993924
2490		0.993891
2500		0.993877
2510		0.993863
2520		0.993827
2530		0.993847
2540		0.993862
2550		0.993831
2560		0.993815
2570		0.993807
2580		0.993799
2590		0.993772
2600		0.993762
2610		0.993763
2620		0.993763
2630		0.993763
2640		0.993746
2650		0.993748
2660		0.993733
2670		0.993728
2680		0.993721
2690		0.993680
2700		0.993639
2710		0.993604
2720		0.993643
2730		0.993638
2740		0.993580
2750		0.993541
2760		0.993524
2770		0.993482
2780		0.993422
2790		0.993428
2800		0.993406
2810		0.993376
2820		0.993339
2830		0.993298
2840		0.993219
2850		0.993197
2860		0.993204
2870		0.993221
2880		0.993247
2890		0.993249
2900		0.993295
2910		0.993307
2920		0.993290
2930		0.993274
2940		0.993257
2950		0.993236
2960		0.993178
2970		0.993160
2980		0.993146
2990		0.993149
3000		0.993166
3010		0.993109
3020		0.993053
3030		0.993052
3040		0.993026
3050		0.993009
3060		0.993022
3070		0.993011
3080		0.992971
3090		0.992924
3100		0.992933
3110		0.992933
3120		0.992919
3130		0.992891
3140		0.992866
3150		0.992806
3160		0.992810
3170		0.992756
3180		0.992696
3190		0.992691
3200		0.992658
3210		0.992622
3220		0.992591
3230		0.992527
3240		0.992562
3250		0.992539
3260		0.992510
3270		0.992493
3280		0.992441
3290		0.992429
3300		0.992395
3310		0.992398
3320		0.992391
3330		0.992372
3340		0.992389
3350		0.992369
3360		0.992362
3370		0.992361
3380		0.992334
3390		0.992306
3400		0.992309
3410		0.992267
3420		0.992256
3430		0.992228
3440		0.992215
3450		0.992226
3460		0.992198
3470		0.992148
3480		0.992090
3490		0.992024
3500		0.991995
3510		0.992016
3520		0.991982
3530		0.991966
3540		0.991951
3550		0.991904
3560		0.991879
3570		0.991889
3580		0.991871
3590		0.991818
3600		0.991828
3610		0.991829
3620		0.991819
3630		0.991797
3640		0.991768
3650		0.991745
3660		0.991734
3670		0.991692
3680		0.991631
3690		0.991589
3700		0.991628
3710		0.991633
3720		0.991627
3730		0.991616
3740		0.991574
3750		0.991565
3760		0.991563
3770		0.991540
3780		0.991528
3790		0.991497
3800		0.991462
3810		0.991425
3820		0.991403
3830		0.991404
3840		0.991361
3850		0.991279
3860		0.991242
3870		0.991230
3880		0.991184
3890		0.991141
3900		0.991139
3910		0.991116
3920		0.991104
3930		0.991065
3940		0.991027
3950		0.990963
3960		0.990949
3970		0.990930
3980		0.990881
3990		0.990857
4000		0.990870
4010		0.990881
4020		0.990882
4030		0.990895
4040		0.990904
4050		0.990882
4060		0.990917
4070		0.990933
4080		0.990968
4090		0.990941
4100		0.990921
4110		0.990884
4120		0.990830
4130		0.990802
4140		0.990768
4150		0.990759
4160		0.990713
4170		0.990676
4180		0.990662
4190		0.990688
4200		0.990706
4210		0.990690
4220		0.990676
4230		0.990643
4240		0.990624
4250		0.990605
4260		0.990532
4270		0.990540
4280		0.990531
4290		0.990511
4300		0.990496
4310		0.990457
4320		0.990452
4330		0.990434
4340		0.990447
4350		0.990457
4360		0.990460
4370		0.990447
4380		0.990392
4390		0.990346
4400		0.990281
4410		0.990257
4420		0.990236
4430		0.990211
4440		0.990168
4450		0.990124
4460		0.990101
4470		0.990076
4480		0.990063
4490		0.990039
4500		0.990002
4510		0.989962
4520		0.989909
4530		0.989904
4540		0.989872
4550		0.989822
4560		0.989773
4570		0.989743
4580		0.989759
4590		0.989754
4600		0.989755
4610		0.989716
4620		0.989668
4630		0.989644
4640		0.989607
4650		0.989602
4660		0.989611
4670		0.989600
4680		0.989583
4690		0.989562
4700		0.989553
4710		0.989481
4720		0.989453
4730		0.989438
4740		0.989415
4750		0.989362
4760		0.989320
4770		0.989334
4780		0.989288
4790		0.989242
4800		0.989308
4810		0.989332
4820		0.989329
4830		0.989279
4840		0.989247
4850		0.989228
4860		0.989241
4870		0.989212
4880		0.989180
4890		0.989137
4900		0.989068
4910		0.989085
4920		0.989077
4930		0.989056
4940		0.989054
4950		0.989052
4960		0.989053
4970		0.989021
4980		0.988993
4990		0.989017
5000		0.988991
5010		0.989014
5020		0.989022
5030		0.989000
5040		0.989027
5050		0.989030
5060		0.989012
5070		0.988989
5080		0.988980
5090		0.988965
5100		0.988904
5110		0.988865
5120		0.988839
5130		0.988844
5140		0.988798
5150		0.988767
5160		0.988755
5170		0.988790
5180		0.988751
5190		0.988732
5200		0.988735
5210		0.988696
5220		0.988644
5230		0.988609
5240		0.988598
5250		0.988629
5260		0.988644
5270		0.988653
5280		0.988628
5290		0.988612
5300		0.988557
5310		0.988526
5320		0.988497
5330		0.988494
5340		0.988468
5350		0.988463
5360		0.988447
5370		0.988470
5380		0.988469
5390		0.988423
5400		0.988375
5410		0.988352
5420		0.988354
5430		0.988356
5440		0.988333
5450		0.988331
5460		0.988330
5470		0.988286
5480		0.988295
5490		0.988236
5500		0.988187
5510		0.988191
5520		0.988205
5530		0.988161
5540		0.988093
5550		0.988062
5560		0.988038
5570		0.988003
5580		0.988014
5590		0.987972
5600		0.987942
5610		0.987907
5620		0.987910
5630		0.987897
5640		0.987871
5650		0.987808
5660		0.987739
5670		0.987690
5680		0.987649
5690		0.987631
5700		0.987617
5710		0.987592
5720		0.987536
5730		0.987547
5740		0.987502
5750		0.987487
5760		0.987446
5770		0.987452
5780		0.987445
5790		0.987410
5800		0.987375
5810		0.987407
5820		0.987397
5830		0.987380
5840		0.987379
5850		0.987342
5860		0.987270
5870		0.987292
5880		0.987262
5890		0.987256
5900		0.987200
5910		0.987169
5920		0.987149
5930		0.987126
5940		0.987071
5950		0.987046
5960		0.987023
5970		0.987021
5980		0.986994
5990		0.987017
6000		0.987034
6010		0.987022
6020		0.987024
6030		0.987032
6040		0.987042
6050		0.987038
6060		0.987034
6070		0.987012
6080		0.987018
6090		0.986988
6100		0.986993
6110		0.987003
6120		0.986984
6130		0.986953
6140		0.986921
6150		0.986909
6160		0.986886
6170		0.986874
6180		0.986855
6190		0.986836
6200		0.986804
6210		0.986809
6220		0.986808
6230		0.986799
6240		0.986804
6250		0.986831
6260		0.986801
6270		0.986773
6280		0.986762
6290		0.986790
6300		0.986782
6310		0.986756
6320		0.986706
6330		0.986691
6340		0.986689
6350		0.986705
6360		0.986688
6370		0.986655
6380		0.986651
6390		0.986626
6400		0.986614
6410		0.986593
6420		0.986565
6430		0.986544
6440		0.986502
6450		0.986488
6460		0.986475
6470		0.986420
6480		0.986409
6490		0.986408
6500		0.986367
6510		0.986317
6520		0.986302
6530		0.986273
6540		0.986218
6550		0.986183
6560		0.986170
6570		0.986144
6580		0.986142
6590		0.986150
6600		0.986098
6610		0.986039
6620		0.986015
6630		0.985967
6640		0.985969
6650		0.985966
6660		0.985937
6670		0.985886
6680		0.985886
6690		0.985879
6700		0.985873
6710		0.985899
6720		0.985910
6730		0.985872
6740		0.985847
6750		0.985832
6760		0.985812
6770		0.985809
6780		0.985782
6790		0.985728
6800		0.985720
6810		0.985667
6820		0.985604
6830		0.985602
6840		0.985610
6850		0.985614
6860		0.985654
6870		0.985650
6880		0.985686
6890		0.985684
6900		0.985668
6910		0.985676
6920		0.985661
6930		0.985658
6940		0.985633
6950		0.985585
6960		0.985517
6970		0.985479
6980		0.985448
6990		0.985421
7000		0.985375
7010		0.985337
7020		0.985299
7030		0.985273
7040		0.985273
7050		0.985272
7060		0.985273
7070		0.985276
7080		0.985287
7090		0.985257
7100		0.985200
7110		0.985163
7120		0.985149
7130		0.985107
7140		0.985034
7150		0.984970
7160		0.984989
7170		0.984971
7180		0.984969
7190		0.984935
7200		0.984898
7210		0.984857
7220		0.984831
7230		0.984777
7240		0.984747
7250		0.984740
7260		0.984752
7270		0.984752
7280		0.984777
7290		0.984780
7300		0.984787
7310		0.984733
7320		0.984695
7330		0.984718
7340		0.984722
7350		0.984699
7360		0.984722
7370		0.984744
7380		0.984734
7390		0.984647
7400		0.984598
7410		0.984612
7420		0.984619
7430		0.984595
7440		0.984564
7450		0.984596
7460		0.984573
7470		0.984589
7480		0.984579
7490		0.984609
7500		0.984629
7510		0.984619
7520		0.984632
7530		0.984643
7540		0.984617
7550		0.984600
7560		0.984616
7570		0.984645
7580		0.984646
7590		0.984633
7600		0.984569
7610		0.984578
7620		0.984570
7630		0.984613
7640		0.984591
7650		0.984517
7660		0.984461
7670		0.984421
7680		0.984404
7690		0.984410
7700		0.984400
7710		0.984396
7720		0.984371
7730		0.984314
7740		0.984283
7750		0.984275
7760		0.984254
7770		0.984249
7780		0.984269
7790		0.984246
7800		0.984247
7810		0.984222
7820		0.984228
7830		0.984197
7840		0.984139
7850		0.984073
7860		0.984021
7870		0.984039
7880		0.984006
7890		0.983985
7900		0.983944
7910		0.983909
7920		0.983911
7930		0.983903
7940		0.983873
7950		0.983878
7960		0.983848
7970		0.983834
7980		0.983769
7990		0.983718
8000		0.983701
8010		0.983715
8020		0.983712
8030		0.983741
8040		0.983764
8050		0.983806
8060		0.983800
8070		0.983786
8080		0.983728
8090		0.983690
8100		0.983672
8110		0.983662
8120		0.983636
8130		0.983585
8140		0.983572
8150		0.983544
8160		0.983475
8170		0.983405
8180		0.983361
8190		0.983379
8200		0.983403
8210		0.983410
8220		0.983431
8230		0.983482
8240		0.983497
8250		0.983471
8260		0.983456
8270		0.983452
8280		0.983429
8290		0.983413
8300		0.983401
8310		0.983382
8320		0.983323
8330		0.983289
8340		0.983288
8350		0.983268
8360		0.983235
8370		0.983222
8380		0.983188
8390		0.983149
8400		0.983105
8410		0.983114
8420		0.983086
8430		0.983017
8440		0.982981
8450		0.982962
8460		0.982954
8470		0.982960
8480		0.982941
8490		0.982969
8500		0.982972
8510		0.982990
8520		0.982946
8530		0.982965
8540		0.982987
8550		0.983021
8560		0.982999
8570		0.982964
8580		0.982938
8590		0.982887
8600		0.982869
8610		0.982863
8620		0.982903
8630		0.982878
8640		0.982873
8650		0.982916
8660		0.982929
8670		0.982949
8680		0.982949
8690		0.982944
8700		0.982929
8710		0.982917
8720		0.982904
8730		0.982925
8740		0.982891
8750		0.982872
8760		0.982861
8770		0.982815
8780		0.982768
8790		0.982726
8800		0.982701
8810		0.982684
8820		0.982682
8830		0.982681
8840		0.982651
8850		0.982591
8860		0.982543
8870		0.982488
8880		0.982457
8890		0.982399
8900		0.982381
8910		0.982345
8920		0.982350
8930		0.982329
8940		0.982339
8950		0.982330
8960		0.982306
8970		0.982320
8980		0.982288
8990		0.982239
9000		0.982206
9010		0.982187
9020		0.982191
9030		0.982170
9040		0.982147
9050		0.982123
9060		0.982092
9070		0.982037
9080		0.981994
9090		0.981988
9100		0.981945
9110		0.981909
9120		0.981902
9130		0.981896
9140		0.981892
9150		0.981868
9160		0.981827
9170		0.981788
9180		0.981762
9190		0.981784
9200		0.981787
9210		0.981794
9220		0.981767
9230		0.981754
9240		0.981742
9250		0.981745
9260		0.981741
9270		0.981758
9280		0.981745
9290		0.981756
9300		0.981732
9310		0.981680
9320		0.981656
9330		0.981618
9340		0.981586
9350		0.981576
9360		0.981567
9370		0.981569
9380		0.981562
9390		0.981578
9400		0.981563
9410		0.981511
9420		0.981435
9430		0.981402
9440		0.981388
9450		0.981382
9460		0.981411
9470		0.981367
9480		0.981334
9490		0.981313
9500		0.981318
9510		0.981340
9520		0.981323
9530		0.981343
9540		0.981332
9550		0.981347
9560		0.981331
9570		0.981351
9580		0.981362
9590		0.981373
9600		0.981342
9610		0.981310
9620		0.981317
9630		0.981305
9640		0.981283
9650		0.981271
9660		0.981255
9670		0.981225
9680		0.981146
9690		0.981118
9700		0.981086
9710		0.981065
9720		0.981000
9730		0.980998
9740		0.981021
9750		0.981024
9760		0.980970
9770		0.980961
9780		0.980973
9790		0.980975
9800		0.980976
9810		0.980949
9820		0.980943
9830		0.980941
9840		0.980878
9850		0.980850
9860		0.980882
9870		0.980851
9880		0.980855
9890		0.980798
9900		0.980751
9910		0.980757
9920		0.980781
9930		0.980780
9940		0.980757
9950		0.980738
9960		0.980743
9970		0.980733
9980		0.980684
9990		0.980694
10000		0.980686
10010		0.980667
10020		0.980609
10030		0.980546
10040		0.980529
10050		0.980514
10060		0.980553
10070		0.980578
10080		0.980553
10090		0.980544
10100		0.980548
10110		0.980540
10120		0.980490
10130		0.980460
10140		0.980448
10150		0.980433
10160		0.980384
10170		0.980335
10180		0.980338
10190		0.980306
10200		0.980269
10210		0.980259
10220		0.980271
10230		0.980259
10240		0.980251
10250		0.980214
10260		0.980146
10270		0.980128
10280		0.980080
10290		0.980044
10300		0.980028
10310		0.980016
10320		0.980002
10330		0.979943
10340		0.979920
10350		0.979959
10360		0.979980
10370		0.980007
10380		0.979978
10390		0.979955
10400		0.979934
10410		0.979929
10420		0.979935
10430		0.979945
10440		0.979900
10450		0.979895
10460		0.979924
10470		0.979942
10480		0.979921
10490		0.979849
10500		0.979834
10510		0.979794
10520		0.979747
10530		0.979745
10540		0.979733
10550		0.979716
10560		0.979697
10570		0.979645
10580		0.979602
10590		0.979596
10600		0.979586
10610		0.979609
10620		0.979640
10630		0.979634
10640		0.979666
10650		0.979661
10660		0.979692
10670		0.979680
10680		0.979659
10690		0.979637
10700		0.979643
10710		0.979667
10720		0.979684
10730		0.979658
10740		0.979661
10750		0.979654
10760		0.979629
10770		0.979604
10780		0.979570
10790		0.979554
10800		0.979512
10810		0.979505
10820		0.979517
10830		0.979520
10840		0.979502
10850		0.979484
10860		0.979470
10870		0.979415
10880		0.979375
10890		0.979341
10900		0.979336
10910		0.979333
10920		0.979277
10930		0.979263
10940		0.979230
10950		0.979213
10960		0.979172
10970		0.979132
10980		0.979087
10990		0.979105
11000		0.979118
11010		0.979106
11020		0.979091
11030		0.979053
11040		0.979018
11050		0.978993
11060		0.978982
11070		0.978934
11080		0.978913
11090		0.978904
11100		0.978871
11110		0.978839
11120		0.978849
11130		0.978871
11140		0.978844
11150		0.978800
11160		0.978785
11170		0.978809
11180		0.978804
11190		0.978793
11200		0.978739
11210		0.978705
11220		0.978695
11230		0.978653
11240		0.978631
11250		0.978599
11260		0.978553
11270		0.978525
11280		0.978527
11290		0.978496
11300		0.978490
11310		0.978542
11320		0.978563
11330		0.978527
11340		0.978484
11350		0.978443
11360		0.978387
11370		0.978368
11380		0.978353
11390		0.978334
11400		0.978297
11410		0.978330
11420		0.978347
11430		0.978346
11440		0.978299
11450		0.978279
11460		0.978272
11470		0.978216
11480		0.978242
11490		0.978274
11500		0.978305
11510		0.978296
11520		0.978279
11530		0.978252
11540		0.978215
11550		0.978196
11560		0.978180
11570		0.978147
11580		0.978150
11590		0.978139
11600		0.978114
11610		0.978106
11620		0.978141
11630		0.978159
11640		0.978141
11650		0.978101
11660		0.978065
11670		0.977995
11680		0.977990
11690		0.978021
11700		0.978004
11710		0.978015
11720		0.977963
11730		0.977954
11740		0.977948
11750		0.977947
11760		0.977932
11770		0.977924
11780		0.977914
11790		0.977882
11800		0.977895
11810		0.977873
11820		0.977823
11830		0.977825
11840		0.977838
11850		0.977856
11860		0.977819
11870		0.977804
11880		0.977795
11890		0.977791
11900		0.977827
11910		0.977865
11920		0.977870
11930		0.977830
11940		0.977822
11950		0.977817
11960		0.977851
11970		0.977812
11980		0.977783
11990		0.977762
12000		0.977730
12010		0.977657
12020		0.977596
12030		0.977543
12040		0.977481
12050		0.977446
12060		0.977459
12070		0.977435
12080		0.977409
12090		0.977343
12100		0.977328
12110		0.977319
12120		0.977255
12130		0.977214
12140		0.977184
12150		0.977176
12160		0.977161
12170		0.977143
12180		0.977111
12190		0.977078
12200		0.977033
12210		0.976941
12220		0.976951
12230		0.976964
12240		0.976985
12250		0.976952
12260		0.976904
12270		0.976868
12280		0.976850
12290		0.976871
12300		0.976900
12310		0.976914
12320		0.976886
12330		0.976875
12340		0.976840
12350		0.976831
12360		0.976824
12370		0.976753
12380		0.976750
12390		0.976711
12400		0.976716
12410		0.976677
12420		0.976637
12430		0.976627
12440		0.976613
12450		0.976624
12460		0.976670
12470		0.976666
12480		0.976690
12490		0.976713
12500		0.976693
12510		0.976639
12520		0.976602
12530		0.976579
12540		0.976616
12550		0.976599
12560		0.976615
12570		0.976631
12580		0.976627
12590		0.976639
12600		0.976612
12610		0.976584
12620		0.976541
12630		0.976569
12640		0.976586
12650		0.976606
12660		0.976597
12670		0.976511
12680		0.976485
12690		0.976423
12700		0.976389
12710		0.976347
12720		0.976364
12730		0.976350
12740		0.976358
12750		0.976353
12760		0.976339
12770		0.976350
12780		0.976295
12790		0.976266
12800		0.976250
12810		0.976246
12820		0.976247
12830		0.976198
12840		0.976133
12850		0.976029
12860		0.976000
12870		0.975995
12880		0.975951
12890		0.975921
12900		0.975941
12910		0.975966
12920		0.975963
12930		0.975908
12940		0.975905
12950		0.975911
12960		0.975895
12970		0.975868
12980		0.975825
12990		0.975784
13000		0.975773
13010		0.975768
13020		0.975715
13030		0.975717
13040		0.975711
13050		0.975714
13060		0.975678
13070		0.975666
13080		0.975639
13090		0.975599
13100		0.975558
13110		0.975535
13120		0.975527
13130		0.975533
13140		0.975578
13150		0.975570
13160		0.975540
13170		0.975535
13180		0.975517
13190		0.975517
13200		0.975533
13210		0.975570
13220		0.975567
13230		0.975552
13240		0.975517
13250		0.975497
13260		0.975496
13270		0.975490
13280		0.975461
13290		0.975451
13300		0.975424
13310		0.975420
13320		0.975456
13330		0.975489
13340		0.975458
13350		0.975444
13360		0.975422
13370		0.975418
13380		0.975393
13390		0.975367
13400		0.975382
13410		0.975348
13420		0.975290
13430		0.975238
13440		0.975184
13450		0.975159
13460		0.975172
13470		0.975152
13480		0.975138
13490		0.975129
13500		0.975132
13510		0.975101
13520		0.975067
13530		0.975046
13540		0.975028
13550		0.974996
13560		0.974952
13570		0.974954
13580		0.974942
13590		0.974904
13600		0.974897
13610		0.974889
13620		0.974949
13630		0.974934
13640		0.974916
13650		0.974898
13660		0.974896
13670		0.974847
13680		0.974830
13690		0.974818
13700		0.974809
13710		0.974773
13720		0.974789
13730		0.974796
13740		0.974752
13750		0.974739
13760		0.974765
13770		0.974749
13780		0.974718
13790		0.974684
13800		0.974670
13810		0.974603
13820		0.974594
13830		0.974570
13840		0.974514
13850		0.974512
13860		0.974479
13870		0.974411
13880		0.974384
13890		0.974387
13900		0.974454
13910		0.974484
13920		0.974470
13930		0.974463
13940		0.974464
13950		0.974484
13960		0.974441
13970		0.974366
13980		0.974327
13990		0.974278
14000		0.974230
14010		0.974252
14020		0.974236
14030		0.974210
14040		0.974174
14050		0.974121
14060		0.974121
14070		0.974108
14080		0.974112
14090		0.974131
14100		0.974109
14110		0.974094
14120		0.974121
14130		0.974111
14140		0.974114
14150		0.974095
14160		0.974116
14170		0.974102
14180		0.974084
14190		0.974041
14200		0.974019
14210		0.974044
14220		0.974060
14230		0.974037
14240		0.974012
14250		0.973991
14260		0.973946
14270		0.973869
14280		0.973832
14290		0.973825
14300		0.973772
14310		0.973754
14320		0.973721
14330		0.973721
14340		0.973661
14350		0.973627
14360		0.973624
14370		0.973599
14380		0.973589
14390		0.973582
14400		0.973596
14410		0.973613
14420		0.973650
14430		0.973621
14440		0.973606
14450		0.973622
14460		0.973635
14470		0.973618
14480		0.973596
14490		0.973596
14500		0.973541
14510		0.973485
14520		0.973457
14530		0.973411
14540		0.973391
14550		0.973364
14560		0.973336
14570		0.973317
14580		0.973277
14590		0.973287
14600		0.973305
14610		0.973352
14620		0.973371
14630		0.973365
14640		0.973351
14650		0.973337
14660		0.973319
14670		0.973279
14680		0.973265
14690		0.973287
14700		0.973310
14710		0.973297
14720		0.973316
14730		0.973335
14740		0.973313
14750		0.973304
14760		0.973299
14770		0.973292
14780		0.973261
14790		0.973197
14800		0.973169
14810		0.973130
14820		0.973124
14830		0.973117
14840		0.973115
14850		0.973108
14860		0.973091
14870		0.973037
14880		0.972997
14890		0.973002
14900		0.973020
14910		0.973038
14920		0.972976
14930		0.972935
14940		0.972916
14950		0.972946
14960		0.972938
14970		0.972898
14980		0.972854
14990		0.972822
15000		0.972783
15010		0.972746
15020		0.972730
15030		0.972713
15040		0.972660
15050		0.972621
15060		0.972598
15070		0.972597
15080		0.972609
15090		0.972620
15100		0.972602
15110		0.972608
15120		0.972603
15130		0.972590
15140		0.972557
15150		0.972579
15160		0.972570
15170		0.972574
15180		0.972567
15190		0.972535
15200		0.972505
15210		0.972468
15220		0.972483
15230		0.972473
15240		0.972454
15250		0.972454
15260		0.972466
15270		0.972459
15280		0.972445
15290		0.972431
15300		0.972403
15310		0.972370
15320		0.972364
15330		0.972407
15340		0.972444
15350		0.972404
15360		0.972356
15370		0.972327
15380		0.972284
15390		0.972213
15400		0.972204
15410		0.972240
15420		0.972266
15430		0.972255
15440		0.972230
15450		0.972236
15460		0.972274
15470		0.972263
15480		0.972221
15490		0.972201
15500		0.972195
15510		0.972155
15520		0.972120
15530		0.972056
15540		0.971982
15550		0.971944
15560		0.971958
15570		0.971958
15580		0.971930
15590		0.971947
15600		0.971947
15610		0.971910
15620		0.971899
15630		0.971897
15640		0.971892
15650		0.971881
15660		0.971901
15670		0.971896
15680		0.971888
15690		0.971856
15700		0.971827
15710		0.971846
15720		0.971889
15730		0.971893
15740		0.971871
15750		0.971885
15760		0.971866
15770		0.971863
15780		0.971849
15790		0.971841
15800		0.971809
15810		0.971807
15820		0.971815
15830		0.971731
15840		0.971716
15850		0.971739
15860		0.971739
15870		0.971739
15880		0.971741
15890		0.971745
15900		0.971738
15910		0.971718
15920		0.971721
15930		0.971705
15940		0.971684
15950		0.971656
15960		0.971635
15970		0.971595
15980		0.971587
15990		0.971561
16000		0.971499
16010		0.971458
16020		0.971426
16030		0.971422
16040		0.971427
16050		0.971368
16060		0.971314
16070		0.971282
16080		0.971310
16090		0.971322
16100		0.971250
16110		0.971201
16120		0.971211
16130		0.971219
16140		0.971234
16150		0.971270
16160		0.971199
16170		0.971154
16180		0.971121
16190		0.971130
16200		0.971167
16210		0.971153
16220		0.971090
16230		0.971051
16240		0.971019
16250		0.970986
16260		0.971026
16270		0.971014
16280		0.970981
16290		0.970919
16300		0.970886
16310		0.970872
16320		0.970871
16330		0.970843
16340		0.970848
16350		0.970804
16360		0.970745
16370		0.970725
16380		0.970728
16390		0.970726
16400		0.970699
16410		0.970714
16420		0.970741
16430		0.970731
16440		0.970719
16450		0.970715
16460		0.970719
16470		0.970710
16480		0.970675
16490		0.970612
16500		0.970559
16510		0.970545
16520		0.970543
16530		0.970547
16540		0.970562
16550		0.970543
16560		0.970539
16570		0.970490
16580		0.970438
16590		0.970431
16600		0.970408
16610		0.970383
16620		0.970368
16630		0.970357
16640		0.970389
16650		0.970414
16660		0.970413
16670		0.970385
16680		0.970364
16690		0.970323
16700		0.970252
16710		0.970171
16720		0.970187
16730		0.970188
16740		0.970165
16750		0.970181
16760		0.970174
16770		0.970179
16780		0.970172
16790		0.970160
16800		0.970112
16810		0.970080
16820		0.970061
16830		0.970050
16840		0.970044
16850		0.970018
16860		0.970026
16870		0.969972
16880		0.969964
16890		0.969974
16900		0.969944
16910		0.969920
16920		0.969906
16930		0.969916
16940		0.969901
16950		0.969876
16960		0.969877
16970		0.969877
16980		0.969840
16990		0.969801
17000		0.969820
17010		0.969841
17020		0.969864
17030		0.969894
17040		0.969868
17050		0.969838
17060		0.969802
17070		0.969777
17080		0.969739
17090		0.969702
17100		0.969676
17110		0.969673
17120		0.969680
17130		0.969679
17140		0.969677
17150		0.969633
17160		0.969596
17170		0.969558
17180		0.969553
17190		0.969538
17200		0.969528
17210		0.969474
17220		0.969487
17230		0.969498
17240		0.969463
17250		0.969448
17260		0.969442
17270		0.969407
17280		0.969435
17290		0.969436
17300		0.969378
17310		0.969331
17320		0.969245
17330		0.969196
17340		0.969160
17350		0.969119
17360		0.969099
17370		0.969062
17380		0.969034
17390		0.969074
17400		0.969060
17410		0.969038
17420		0.969020
17430		0.968994
17440		0.968975
17450		0.968917
17460		0.968914
17470		0.968872
17480		0.968882
17490		0.968896
17500		0.968867
17510		0.968835
17520		0.968840
17530		0.968817
17540		0.968791
17550		0.968765
17560		0.968736
17570		0.968743
17580		0.968761
17590		0.968749
17600		0.968758
17610		0.968743
17620		0.968730
17630		0.968733
17640		0.968733
17650		0.968740
17660		0.968706
17670		0.968682
17680		0.968656
17690		0.968636
17700		0.968618
17710		0.968579
17720		0.968542
17730		0.968517
17740		0.968513
17750		0.968496
17760		0.968510
17770		0.968484
17780		0.968468
17790		0.968447
17800		0.968426
17810		0.968392
17820		0.968315
17830		0.968280
17840		0.968236
17850		0.968239
17860		0.968213
17870		0.968217
17880		0.968211
17890		0.968184
17900		0.968149
17910		0.968148
17920		0.968107
17930		0.968111
17940		0.968103
17950		0.968093
17960		0.968045
17970		0.968068
17980		0.968051
17990		0.967994
18000		0.967985
18010		0.967984
18020		0.967952
18030		0.967919
18040		0.967909
18050		0.967884
18060		0.967889
18070		0.967853
18080		0.967858
18090		0.967879
18100		0.967929
18110		0.967941
18120		0.967979
18130		0.967950
18140		0.967947
18150		0.967955
18160		0.967938
18170		0.967922
18180		0.967882
18190		0.967830
18200		0.967778
18210		0.967769
18220		0.967751
18230		0.967735
18240		0.967694
18250		0.967690
18260		0.967639
18270		0.967599
18280		0.967590
18290		0.967555
18300		0.967471
18310		0.967452
18320		0.967444
18330		0.967449
18340		0.967407
18350		0.967364
18360		0.967327
18370		0.967312
18380		0.967293
18390		0.967293
18400		0.967274
18410		0.967274
18420		0.967265
18430		0.967236
18440		0.967248
18450		0.967226
18460		0.967166
18470		0.967127
18480		0.967101
18490		0.967063
18500		0.967055
18510		0.967079
18520		0.967068
18530		0.967039
18540		0.967023
18550		0.966962
18560		0.966999
18570		0.966956
18580		0.966894
18590		0.966817
18600		0.966797
18610		0.966735
18620		0.966690
18630		0.966641
18640		0.966647
18650		0.966628
18660		0.966592
18670		0.966562
18680		0.966518
18690		0.966489
18700		0.966459
18710		0.966479
18720		0.966484
18730		0.966495
18740		0.966469
18750		0.966481
18760		0.966495
18770		0.966453
18780		0.966385
18790		0.966324
18800		0.966311
18810		0.966325
18820		0.966293
18830		0.966239
18840		0.966191
18850		0.966204
18860		0.966234
18870		0.966216
18880		0.966241
18890		0.966283
18900		0.966289
18910		0.966263
18920		0.966253
18930		0.966238
18940		0.966224
18950		0.966256
18960		0.966252
18970		0.966214
18980		0.966169
18990		0.966114
19000		0.966065
19010		0.966057
19020		0.966066
19030		0.966040
19040		0.966021
19050		0.966000
19060		0.966039
19070		0.966026
19080		0.966003
19090		0.965954
19100		0.965916
19110		0.965920
19120		0.965896
19130		0.965875
19140		0.965818
19150		0.965797
19160		0.965792
19170		0.965756
19180		0.965726
19190		0.965712
19200		0.965687
19210		0.965655
19220		0.965608
19230		0.965547
19240		0.965535
19250		0.965494
19260		0.965466
19270		0.965444
19280		0.965442
19290		0.965382
19300		0.965334
19310		0.965315
19320		0.965286
19330		0.965270
19340		0.965277
19350		0.965229
19360		0.965260
19370		0.965273
19380		0.965242
19390		0.965204
19400		0.965134
19410		0.965104
19420		0.965087
19430		0.965102
19440		0.965037
19450		0.964975
19460		0.964961
19470		0.964927
19480		0.964932
19490		0.964885
19500		0.964870
19510		0.964884
19520		0.964929
19530		0.964958
19540		0.964962
19550		0.964981
19560		0.964967
19570		0.964934
19580		0.964850
19590		0.964819
19600		0.964828
19610		0.964803
19620		0.964800
19630		0.964742
19640		0.964695
19650		0.964661
19660		0.964690
19670		0.964703
19680		0.964673
19690		0.964644
19700		0.964624
19710		0.964625
19720		0.964582
19730		0.964556
19740		0.964522
19750		0.964519
19760		0.964557
19770		0.964595
19780		0.964584
19790		0.964577
19800		0.964535
19810		0.964492
19820		0.964505
19830		0.964511
19840		0.964521
19850		0.964501
19860		0.964473
19870		0.964469
19880		0.964437
19890		0.964410
19900		0.964406
19910		0.964361
19920		0.964343
19930		0.964367
19940		0.964373
19950		0.964354
19960		0.964336
19970		0.964338
19980		0.964291
19990		0.964266
