k		corr_k
0		1.000000
10		0.992936
20		0.985470
30		0.977953
40		0.970493
50		0.963152
60		0.955919
70		0.948839
80		0.941914
90		0.935066
100		0.928285
110		0.921584
120		0.914918
130		0.908363
140		0.901897
150		0.895459
160		0.889134
170		0.882974
180		0.876916
190		0.870915
200		0.865076
210		0.859329
220		0.853719
230		0.848147
240		0.842637
250		0.837094
260		0.831679
270		0.826316
280		0.820972
290		0.815695
300		0.810477
310		0.805320
320		0.800120
330		0.795038
340		0.789975
350		0.784945
360		0.779923
370		0.774887
380		0.769954
390		0.765117
400		0.760310
410		0.755578
420		0.750814
430		0.746067
440		0.741373
450		0.736767
460		0.732089
470		0.727424
480		0.722724
490		0.718034
500		0.713361
510		0.708723
520		0.704285
530		0.699836
540		0.695382
550		0.690988
560		0.686530
570		0.682167
580		0.677796
590		0.673491
600		0.669218
610		0.665028
620		0.660866
630		0.656762
640		0.652750
650		0.648834
660		0.644990
670		0.641274
680		0.637668
690		0.634071
700		0.630511
710		0.626967
720		0.623421
730		0.619927
740		0.616486
750		0.613044
760		0.609555
770		0.606076
780		0.602564
790		0.599039
800		0.595459
810		0.591863
820		0.588288
830		0.584725
840		0.581077
850		0.577541
860		0.574027
870		0.570489
880		0.566979
890		0.563633
900		0.560394
910		0.557237
920		0.554106
930		0.550959
940		0.547780
950		0.544493
960		0.541261
970		0.538056
980		0.534918
990		0.531901
1000		0.528920
1010		0.525912
1020		0.522974
1030		0.520002
1040		0.517094
1050		0.514125
1060		0.511256
1070		0.508407
1080		0.505569
1090		0.502819
1100		0.500145
1110		0.497482
1120		0.494841
1130		0.492246
1140		0.489610
1150		0.486990
1160		0.484546
1170		0.482140
1180		0.479708
1190		0.477266
1200		0.474859
1210		0.472503
1220		0.470168
1230		0.467820
1240		0.465520
1250		0.463243
1260		0.460998
1270		0.458837
1280		0.456771
1290		0.454691
1300		0.452621
1310		0.450489
1320		0.448304
1330		0.446220
1340		0.444176
1350		0.442066
1360		0.440021
1370		0.437987
1380		0.435916
1390		0.433832
1400		0.431739
1410		0.429686
1420		0.427665
1430		0.425702
1440		0.423790
1450		0.421886
1460		0.420023
1470		0.418105
1480		0.416200
1490		0.414358
1500		0.412482
1510		0.410544
1520		0.408623
1530		0.406743
1540		0.404929
1550		0.403095
1560		0.401320
1570		0.399541
1580		0.397705
1590		0.395909
1600		0.394159
1610		0.392344
1620		0.390588
1630		0.388913
1640		0.387179
1650		0.385428
1660		0.383692
1670		0.381943
1680		0.380264
1690		0.378626
1700		0.377007
1710		0.375351
1720		0.373643
1730		0.371926
1740		0.370215
1750		0.368566
1760		0.366882
1770		0.365178
1780		0.363558
1790		0.362009
1800		0.360472
1810		0.358878
1820		0.357287
1830		0.355716
1840		0.354177
1850		0.352686
1860		0.351212
1870		0.349760
1880		0.348325
1890		0.346940
1900		0.345655
1910		0.344385
1920		0.343168
1930		0.341977
1940		0.340754
1950		0.339566
1960		0.338384
1970		0.337176
1980		0.335958
1990		0.334697
2000		0.333429
2010		0.332140
2020		0.330870
2030		0.329571
2040		0.328311
2050		0.327116
2060		0.325894
2070		0.324665
2080		0.323481
2090		0.322331
2100		0.321195
2110		0.320075
2120		0.319015
2130		0.317895
2140		0.316805
2150		0.315753
2160		0.314666
2170		0.313586
2180		0.312481
2190		0.311408
2200		0.310344
2210		0.309348
2220		0.308389
2230		0.307506
2240		0.306643
2250		0.305746
2260		0.304826
2270		0.303900
2280		0.302997
2290		0.302041
2300		0.301142
2310		0.300262
2320		0.299381
2330		0.298433
2340		0.297451
2350		0.296476
2360		0.295545
2370		0.294621
2380		0.293661
2390		0.292726
2400		0.291802
2410		0.290861
2420		0.289879
2430		0.288795
2440		0.287643
2450		0.286418
2460		0.285221
2470		0.284070
2480		0.282946
2490		0.281860
2500		0.280787
2510		0.279702
2520		0.278609
2530		0.277436
2540		0.276215
2550		0.275017
2560		0.273773
2570		0.272457
2580		0.271187
2590		0.269887
2600		0.268595
2610		0.267268
2620		0.265932
2630		0.264610
2640		0.263340
2650		0.262074
2660		0.260745
2670		0.259376
2680		0.257978
2690		0.256506
2700		0.255056
2710		0.253672
2720		0.252264
2730		0.250842
2740		0.249384
2750		0.247953
2760		0.246570
2770		0.245187
2780		0.243873
2790		0.242562
2800		0.241264
2810		0.239970
2820		0.238653
2830		0.237296
2840		0.235934
2850		0.234546
2860		0.233227
2870		0.231939
2880		0.230596
2890		0.229232
2900		0.227873
2910		0.226521
2920		0.225219
2930		0.223894
2940		0.222604
2950		0.221401
2960		0.220277
2970		0.219196
2980		0.218195
2990		0.217226
3000		0.216305
3010		0.215424
3020		0.214583
3030		0.213762
3040		0.212923
3050		0.212015
3060		0.211121
3070		0.210193
3080		0.209235
3090		0.208258
3100		0.207315
3110		0.206342
3120		0.205329
3130		0.204376
3140		0.203421
3150		0.202481
3160		0.201496
3170		0.200538
3180		0.199671
3190		0.198865
3200		0.198048
3210		0.197218
3220		0.196461
3230		0.195748
3240		0.195016
3250		0.194263
3260		0.193497
3270		0.192724
3280		0.191924
3290		0.191141
3300		0.190369
3310		0.189636
3320		0.188983
3330		0.188402
3340		0.187874
3350		0.187359
3360		0.186867
3370		0.186345
3380		0.185846
3390		0.185399
3400		0.184944
3410		0.184475
3420		0.184039
3430		0.183635
3440		0.183226
3450		0.182793
3460		0.182370
3470		0.181946
3480		0.181554
3490		0.181167
3500		0.180757
3510		0.180357
3520		0.179945
3530		0.179523
3540		0.179131
3550		0.178814
3560		0.178427
3570		0.177928
3580		0.177439
3590		0.176979
3600		0.176573
3610		0.176206
3620		0.175751
3630		0.175301
3640		0.174839
3650		0.174391
3660		0.174016
3670		0.173672
3680		0.173304
3690		0.172900
3700		0.172529
3710		0.172153
3720		0.171821
3730		0.171542
3740		0.171277
3750		0.170945
3760		0.170647
3770		0.170374
3780		0.170057
3790		0.169754
3800		0.169400
3810		0.169021
3820		0.168639
3830		0.168333
3840		0.168064
3850		0.167815
3860		0.167496
3870		0.167176
3880		0.166815
3890		0.166443
3900		0.166053
3910		0.165703
3920		0.165357
3930		0.165089
3940		0.164793
3950		0.164421
3960		0.164053
3970		0.163732
3980		0.163395
3990		0.163036
4000		0.162690
4010		0.162337
4020		0.162018
4030		0.161797
4040		0.161652
4050		0.161575
4060		0.161487
4070		0.161405
4080		0.161283
4090		0.161110
4100		0.160956
4110		0.160764
4120		0.160571
4130		0.160358
4140		0.160138
4150		0.159910
4160		0.159713
4170		0.159510
4180		0.159332
4190		0.159214
4200		0.159111
4210		0.159020
4220		0.158994
4230		0.158972
4240		0.158958
4250		0.158984
4260		0.159029
4270		0.159095
4280		0.159146
4290		0.159162
4300		0.159181
4310		0.159190
4320		0.159194
4330		0.159202
4340		0.159239
4350		0.159255
4360		0.159284
4370		0.159285
4380		0.159271
4390		0.159217
4400		0.159139
4410		0.158938
4420		0.158693
4430		0.158492
4440		0.158277
4450		0.158015
4460		0.157712
4470		0.157387
4480		0.157099
4490		0.156844
4500		0.156577
4510		0.156267
4520		0.155991
4530		0.155764
4540		0.155544
4550		0.155350
4560		0.155144
4570		0.154940
4580		0.154727
4590		0.154519
4600		0.154317
4610		0.154190
4620		0.154085
4630		0.153918
4640		0.153684
4650		0.153404
4660		0.153096
4670		0.152764
4680		0.152416
4690		0.152078
4700		0.151717
4710		0.151338
4720		0.150989
4730		0.150638
4740		0.150331
4750		0.149984
4760		0.149634
4770		0.149314
4780		0.148949
4790		0.148576
4800		0.148143
4810		0.147650
4820		0.147182
4830		0.146692
4840		0.146167
4850		0.145724
4860		0.145228
4870		0.144673
4880		0.144127
4890		0.143579
4900		0.142995
4910		0.142358
4920		0.141715
4930		0.141039
4940		0.140352
4950		0.139643
4960		0.138963
4970		0.138283
4980		0.137589
4990		0.136878
5000		0.136133
5010		0.135473
5020		0.134855
5030		0.134286
5040		0.133744
5050		0.133214
5060		0.132780
5070		0.132335
5080		0.131847
5090		0.131291
5100		0.130702
5110		0.130092
5120		0.129463
5130		0.128823
5140		0.128186
5150		0.127548
5160		0.126947
5170		0.126428
5180		0.125968
5190		0.125546
5200		0.125171
5210		0.124762
5220		0.124328
5230		0.123902
5240		0.123441
5250		0.123006
5260		0.122522
5270		0.122003
5280		0.121532
5290		0.121132
5300		0.120745
5310		0.120370
5320		0.120028
5330		0.119720
5340		0.119467
5350		0.119168
5360		0.118878
5370		0.118600
5380		0.118291
5390		0.118005
5400		0.117755
5410		0.117465
5420		0.117210
5430		0.117020
5440		0.116878
5450		0.116800
5460		0.116801
5470		0.116807
5480		0.116788
5490		0.116796
5500		0.116783
5510		0.116744
5520		0.116678
5530		0.116672
5540		0.116698
5550		0.116751
5560		0.116824
5570		0.116905
5580		0.117008
5590		0.117074
5600		0.117153
5610		0.117289
5620		0.117481
5630		0.117725
5640		0.117947
5650		0.118178
5660		0.118409
5670		0.118605
5680		0.118809
5690		0.118938
5700		0.118966
5710		0.118970
5720		0.119032
5730		0.119123
5740		0.119252
5750		0.119408
5760		0.119707
5770		0.119995
5780		0.120271
5790		0.120589
5800		0.120943
5810		0.121249
5820		0.121559
5830		0.121909
5840		0.122290
5850		0.122675
5860		0.123068
5870		0.123478
5880		0.123888
5890		0.124246
5900		0.124621
5910		0.124917
5920		0.125198
5930		0.125489
5940		0.125777
5950		0.126052
5960		0.126275
5970		0.126418
5980		0.126523
5990		0.126581
6000		0.126613
6010		0.126607
6020		0.126568
6030		0.126496
6040		0.126408
6050		0.126353
6060		0.126344
6070		0.126353
6080		0.126367
6090		0.126452
6100		0.126563
6110		0.126668
6120		0.126791
6130		0.126935
6140		0.127049
6150		0.127122
6160		0.127136
6170		0.127164
6180		0.127226
6190		0.127375
6200		0.127548
6210		0.127891
6220		0.128297
6230		0.128702
6240		0.129143
6250		0.129610
6260		0.130078
6270		0.130534
6280		0.130945
6290		0.131355
6300		0.131758
6310		0.132206
6320		0.132745
6330		0.133287
6340		0.133847
6350		0.134478
6360		0.135089
6370		0.135667
6380		0.136174
6390		0.136687
6400		0.137216
6410		0.137705
6420		0.138171
6430		0.138636
6440		0.139060
6450		0.139470
6460		0.139811
6470		0.140142
6480		0.140448
6490		0.140731
6500		0.140958
6510		0.141191
6520		0.141385
6530		0.141561
6540		0.141760
6550		0.141926
6560		0.142081
6570		0.142248
6580		0.142405
6590		0.142546
6600		0.142726
6610		0.142929
6620		0.143175
6630		0.143419
6640		0.143687
6650		0.143954
6660		0.144251
6670		0.144554
6680		0.144930
6690		0.145341
6700		0.145738
6710		0.146097
6720		0.146422
6730		0.146727
6740		0.146990
6750		0.147187
6760		0.147374
6770		0.147551
6780		0.147712
6790		0.147888
6800		0.148070
6810		0.148181
6820		0.148291
6830		0.148440
6840		0.148585
6850		0.148682
6860		0.148725
6870		0.148795
6880		0.148836
6890		0.148879
6900		0.148910
6910		0.148927
6920		0.148918
6930		0.148899
6940		0.148897
6950		0.148841
6960		0.148693
6970		0.148493
6980		0.148274
6990		0.148038
7000		0.147835
7010		0.147568
7020		0.147252
7030		0.146935
7040		0.146540
7050		0.146106
7060		0.145705
7070		0.145280
7080		0.144870
7090		0.144559
7100		0.144306
7110		0.144038
7120		0.143825
7130		0.143578
7140		0.143315
7150		0.143027
7160		0.142665
7170		0.142262
7180		0.141869
7190		0.141434
7200		0.140990
7210		0.140519
7220		0.139979
7230		0.139436
7240		0.138931
7250		0.138463
7260		0.137993
7270		0.137462
7280		0.136863
7290		0.136182
7300		0.135487
7310		0.134803
7320		0.134145
7330		0.133507
7340		0.132909
7350		0.132295
7360		0.131689
7370		0.131115
7380		0.130536
7390		0.129952
7400		0.129343
7410		0.128664
7420		0.127984
7430		0.127253
7440		0.126494
7450		0.125724
7460		0.124989
7470		0.124261
7480		0.123490
7490		0.122693
7500		0.121895
7510		0.121075
7520		0.120264
7530		0.119368
7540		0.118497
7550		0.117595
7560		0.116756
7570		0.115986
7580		0.115226
7590		0.114451
7600		0.113738
7610		0.113078
7620		0.112511
7630		0.111975
7640		0.111437
7650		0.110881
7660		0.110320
7670		0.109826
7680		0.109336
7690		0.108874
7700		0.108372
7710		0.107880
7720		0.107473
7730		0.107111
7740		0.106750
7750		0.106391
7760		0.106068
7770		0.105759
7780		0.105446
7790		0.105210
7800		0.104958
7810		0.104711
7820		0.104448
7830		0.104268
7840		0.104134
7850		0.103977
7860		0.103829
7870		0.103656
7880		0.103496
7890		0.103372
7900		0.103242
7910		0.103101
7920		0.102960
7930		0.102765
7940		0.102519
7950		0.102223
7960		0.101907
7970		0.101571
7980		0.101216
7990		0.100856
8000		0.100482
8010		0.100183
8020		0.099944
8030		0.099710
8040		0.099513
8050		0.099292
8060		0.099023
8070		0.098755
8080		0.098431
8090		0.098072
8100		0.097738
8110		0.097481
8120		0.097242
8130		0.096935
8140		0.096600
8150		0.096330
8160		0.096127
8170		0.095884
8180		0.095636
8190		0.095368
8200		0.095095
8210		0.094775
8220		0.094419
8230		0.094046
8240		0.093751
8250		0.093478
8260		0.093194
8270		0.092944
8280		0.092766
8290		0.092616
8300		0.092439
8310		0.092251
8320		0.092062
8330		0.091826
8340		0.091581
8350		0.091380
8360		0.091285
8370		0.091248
8380		0.091172
8390		0.091081
8400		0.091033
8410		0.090960
8420		0.090861
8430		0.090726
8440		0.090551
8450		0.090329
8460		0.090076
8470		0.089813
8480		0.089604
8490		0.089457
8500		0.089354
8510		0.089202
8520		0.089013
8530		0.088889
8540		0.088754
8550		0.088602
8560		0.088427
8570		0.088206
8580		0.088031
8590		0.087854
8600		0.087631
8610		0.087425
8620		0.087228
8630		0.087076
8640		0.086885
8650		0.086744
8660		0.086636
8670		0.086558
8680		0.086480
8690		0.086396
8700		0.086259
8710		0.086157
8720		0.086112
8730		0.086026
8740		0.085869
8750		0.085682
8760		0.085511
8770		0.085364
8780		0.085183
8790		0.085039
8800		0.084915
8810		0.084771
8820		0.084616
8830		0.084428
8840		0.084212
8850		0.083995
8860		0.083774
8870		0.083568
8880		0.083417
8890		0.083266
8900		0.083165
8910		0.083087
8920		0.083004
8930		0.082975
8940		0.083000
8950		0.083019
8960		0.083030
8970		0.083032
8980		0.082916
8990		0.082744
9000		0.082539
9010		0.082380
9020		0.082214
9030		0.082005
9040		0.081757
9050		0.081472
9060		0.081200
9070		0.080937
9080		0.080704
9090		0.080443
9100		0.080190
9110		0.080010
9120		0.079860
9130		0.079693
9140		0.079571
9150		0.079439
9160		0.079293
9170		0.079114
9180		0.078877
9190		0.078617
9200		0.078270
9210		0.077938
9220		0.077568
9230		0.077139
9240		0.076709
9250		0.076255
9260		0.075774
9270		0.075263
9280		0.074812
9290		0.074304
9300		0.073766
9310		0.073316
9320		0.072844
9330		0.072381
9340		0.072004
9350		0.071643
9360		0.071307
9370		0.070971
9380		0.070646
9390		0.070345
9400		0.070062
9410		0.069754
9420		0.069430
9430		0.069085
9440		0.068720
9450		0.068371
9460		0.068047
9470		0.067702
9480		0.067367
9490		0.067051
9500		0.066668
9510		0.066254
9520		0.065844
9530		0.065416
9540		0.064941
9550		0.064456
9560		0.063981
9570		0.063574
9580		0.063144
9590		0.062692
9600		0.062194
9610		0.061700
9620		0.061156
9630		0.060579
9640		0.059978
9650		0.059355
9660		0.058757
9670		0.058204
9680		0.057664
9690		0.057060
9700		0.056435
9710		0.055769
9720		0.055062
9730		0.054327
9740		0.053602
9750		0.052905
9760		0.052240
9770		0.051623
9780		0.051014
9790		0.050386
9800		0.049749
9810		0.049139
9820		0.048529
9830		0.047951
9840		0.047412
9850		0.046914
9860		0.046414
9870		0.045840
9880		0.045237
9890		0.044700
9900		0.044206
9910		0.043758
9920		0.043343
9930		0.042913
9940		0.042483
9950		0.042140
9960		0.041829
9970		0.041536
9980		0.041294
9990		0.041038
10000		0.040758
10010		0.040459
10020		0.040103
10030		0.039687
10040		0.039322
10050		0.038986
10060		0.038674
10070		0.038408
10080		0.038135
10090		0.037836
10100		0.037537
10110		0.037231
10120		0.036940
10130		0.036667
10140		0.036398
10150		0.036133
10160		0.035897
10170		0.035644
10180		0.035371
10190		0.035118
10200		0.034931
10210		0.034708
10220		0.034520
10230		0.034363
10240		0.034330
10250		0.034326
10260		0.034361
10270		0.034423
10280		0.034570
10290		0.034714
10300		0.034867
10310		0.034951
10320		0.035033
10330		0.035122
10340		0.035224
10350		0.035333
10360		0.035470
10370		0.035608
10380		0.035734
10390		0.035872
10400		0.036013
10410		0.036124
10420		0.036227
10430		0.036262
10440		0.036216
10450		0.036207
10460		0.036197
10470		0.036175
10480		0.036116
10490		0.036032
10500		0.036041
10510		0.036042
10520		0.036089
10530		0.036147
10540		0.036236
10550		0.036307
10560		0.036401
10570		0.036514
10580		0.036607
10590		0.036717
10600		0.036850
10610		0.037021
10620		0.037208
10630		0.037413
10640		0.037621
10650		0.037779
10660		0.037930
10670		0.038111
10680		0.038257
10690		0.038357
10700		0.038491
10710		0.038675
10720		0.038882
10730		0.039049
10740		0.039212
10750		0.039348
10760		0.039464
10770		0.039576
10780		0.039691
10790		0.039769
10800		0.039847
10810		0.039934
10820		0.039999
10830		0.040081
10840		0.040100
10850		0.040092
10860		0.040098
10870		0.040159
10880		0.040266
10890		0.040338
10900		0.040347
10910		0.040277
10920		0.040208
10930		0.040107
10940		0.040041
10950		0.040012
10960		0.039988
10970		0.040009
10980		0.040083
10990		0.040195
11000		0.040315
11010		0.040413
11020		0.040530
11030		0.040687
11040		0.040858
11050		0.041065
11060		0.041313
11070		0.041574
11080		0.041795
11090		0.041983
11100		0.042133
11110		0.042214
11120		0.042343
11130		0.042468
11140		0.042572
11150		0.042668
11160		0.042865
11170		0.043134
11180		0.043452
11190		0.043774
11200		0.044072
11210		0.044368
11220		0.044643
11230		0.044930
11240		0.045160
11250		0.045358
11260		0.045554
11270		0.045759
11280		0.045991
11290		0.046215
11300		0.046429
11310		0.046573
11320		0.046714
11330		0.046830
11340		0.047012
11350		0.047231
11360		0.047484
11370		0.047726
11380		0.047936
11390		0.048125
11400		0.048258
11410		0.048356
11420		0.048425
11430		0.048523
11440		0.048666
11450		0.048788
11460		0.048942
11470		0.049070
11480		0.049138
11490		0.049160
11500		0.049211
11510		0.049304
11520		0.049496
11530		0.049748
11540		0.049977
11550		0.050182
11560		0.050389
11570		0.050564
11580		0.050725
11590		0.050884
11600		0.051067
11610		0.051224
11620		0.051392
11630		0.051618
11640		0.051854
11650		0.052068
11660		0.052316
11670		0.052492
11680		0.052622
11690		0.052736
11700		0.052824
11710		0.052851
11720		0.052870
11730		0.052942
11740		0.053072
11750		0.053239
11760		0.053413
11770		0.053623
11780		0.053860
11790		0.054083
11800		0.054273
11810		0.054454
11820		0.054674
11830		0.054940
11840		0.055235
11850		0.055524
11860		0.055796
11870		0.055999
11880		0.056164
11890		0.056306
11900		0.056411
11910		0.056488
11920		0.056557
11930		0.056633
11940		0.056704
11950		0.056776
11960		0.056811
11970		0.056820
11980		0.056833
11990		0.056926
12000		0.056996
12010		0.057034
12020		0.056971
12030		0.056832
12040		0.056644
12050		0.056439
12060		0.056178
12070		0.055935
12080		0.055682
12090		0.055401
12100		0.055132
12110		0.054865
12120		0.054660
12130		0.054424
12140		0.054209
12150		0.054007
12160		0.053823
12170		0.053644
12180		0.053458
12190		0.053340
12200		0.053169
12210		0.052989
12220		0.052786
12230		0.052622
12240		0.052418
12250		0.052201
12260		0.052000
12270		0.051743
12280		0.051468
12290		0.051182
12300		0.050825
12310		0.050456
12320		0.050045
12330		0.049611
12340		0.049137
12350		0.048700
12360		0.048267
12370		0.047805
12380		0.047266
12390		0.046699
12400		0.046152
12410		0.045650
12420		0.045135
12430		0.044583
12440		0.043986
12450		0.043384
12460		0.042888
12470		0.042423
12480		0.041966
12490		0.041448
12500		0.040923
12510		0.040360
12520		0.039777
12530		0.039182
12540		0.038602
12550		0.038084
12560		0.037610
12570		0.037162
12580		0.036748
12590		0.036324
12600		0.035865
12610		0.035389
12620		0.034922
12630		0.034479
12640		0.034079
12650		0.033702
12660		0.033386
12670		0.033086
12680		0.032848
12690		0.032639
12700		0.032453
12710		0.032279
12720		0.032106
12730		0.031955
12740		0.031897
12750		0.031888
12760		0.031898
12770		0.031848
12780		0.031755
12790		0.031669
12800		0.031578
12810		0.031421
12820		0.031166
12830		0.030949
12840		0.030763
12850		0.030542
12860		0.030246
12870		0.029964
12880		0.029704
12890		0.029350
12900		0.028961
12910		0.028617
12920		0.028309
12930		0.028066
12940		0.027817
12950		0.027572
12960		0.027324
12970		0.027102
12980		0.026887
12990		0.026723
13000		0.026568
13010		0.026359
13020		0.026071
13030		0.025824
13040		0.025612
13050		0.025478
13060		0.025326
13070		0.025134
13080		0.024838
13090		0.024556
13100		0.024252
13110		0.023951
13120		0.023691
13130		0.023423
13140		0.023118
13150		0.022784
13160		0.022496
13170		0.022152
13180		0.021747
13190		0.021322
13200		0.020971
13210		0.020618
13220		0.020242
13230		0.019838
13240		0.019347
13250		0.018849
13260		0.018339
13270		0.017863
13280		0.017385
13290		0.016869
13300		0.016320
13310		0.015733
13320		0.015133
13330		0.014580
13340		0.014168
13350		0.013847
13360		0.013562
13370		0.013244
13380		0.013001
13390		0.012780
13400		0.012584
13410		0.012287
13420		0.011990
13430		0.011661
13440		0.011249
13450		0.010775
13460		0.010296
13470		0.009812
13480		0.009327
13490		0.008890
13500		0.008439
13510		0.007914
13520		0.007399
13530		0.006886
13540		0.006291
13550		0.005744
13560		0.005187
13570		0.004585
13580		0.004022
13590		0.003485
13600		0.002993
13610		0.002537
13620		0.002045
13630		0.001500
13640		0.000982
13650		0.000485
13660		0.000034
13670		-0.000381
13680		-0.000712
13690		-0.001030
13700		-0.001377
13710		-0.001674
13720		-0.001968
13730		-0.002208
13740		-0.002414
13750		-0.002545
13760		-0.002673
13770		-0.002802
13780		-0.002884
13790		-0.002957
13800		-0.003030
13810		-0.003091
13820		-0.003122
13830		-0.003175
13840		-0.003198
13850		-0.003188
13860		-0.003170
13870		-0.003226
13880		-0.003255
13890		-0.003290
13900		-0.003353
13910		-0.003444
13920		-0.003555
13930		-0.003717
13940		-0.003899
13950		-0.004096
13960		-0.004228
13970		-0.004278
13980		-0.004308
13990		-0.004328
14000		-0.004313
14010		-0.004298
14020		-0.004267
14030		-0.004243
14040		-0.004213
14050		-0.004220
14060		-0.004165
14070		-0.004087
14080		-0.003967
14090		-0.003861
14100		-0.003719
14110		-0.003573
14120		-0.003437
14130		-0.003347
14140		-0.003238
14150		-0.003118
14160		-0.003019
14170		-0.002962
14180		-0.002955
14190		-0.002956
14200		-0.002945
14210		-0.002955
14220		-0.002959
14230		-0.002998
14240		-0.003070
14250		-0.003169
14260		-0.003184
14270		-0.003171
14280		-0.003111
14290		-0.003038
14300		-0.002917
14310		-0.002788
14320		-0.002633
14330		-0.002482
14340		-0.002298
14350		-0.002151
14360		-0.002057
14370		-0.001984
14380		-0.001837
14390		-0.001761
14400		-0.001736
14410		-0.001674
14420		-0.001627
14430		-0.001566
14440		-0.001499
14450		-0.001415
14460		-0.001377
14470		-0.001355
14480		-0.001381
14490		-0.001378
14500		-0.001399
14510		-0.001435
14520		-0.001474
14530		-0.001515
14540		-0.001629
14550		-0.001747
14560		-0.001866
14570		-0.001897
14580		-0.001940
14590		-0.002000
14600		-0.002026
14610		-0.002001
14620		-0.001961
14630		-0.001976
14640		-0.001935
14650		-0.001885
14660		-0.001846
14670		-0.001833
14680		-0.001792
14690		-0.001804
14700		-0.001848
14710		-0.001934
14720		-0.002043
14730		-0.002147
14740		-0.002228
14750		-0.002245
14760		-0.002284
14770		-0.002381
14780		-0.002531
14790		-0.002685
14800		-0.002808
14810		-0.002939
14820		-0.003085
14830		-0.003338
14840		-0.003666
14850		-0.004046
14860		-0.004348
14870		-0.004759
14880		-0.005213
14890		-0.005627
14900		-0.005986
14910		-0.006312
14920		-0.006641
14930		-0.006977
14940		-0.007292
14950		-0.007598
14960		-0.007884
14970		-0.008161
14980		-0.008422
14990		-0.008679
15000		-0.008890
15010		-0.009086
15020		-0.009242
15030		-0.009375
15040		-0.009478
15050		-0.009547
15060		-0.009508
15070		-0.009431
15080		-0.009356
15090		-0.009204
15100		-0.009046
15110		-0.008891
15120		-0.008713
15130		-0.008527
15140		-0.008278
15150		-0.007978
15160		-0.007668
15170		-0.007373
15180		-0.007171
15190		-0.006962
15200		-0.006803
15210		-0.006713
15220		-0.006667
15230		-0.006616
15240		-0.006545
15250		-0.006504
15260		-0.006426
15270		-0.006301
15280		-0.006187
15290		-0.006076
15300		-0.005962
15310		-0.005884
15320		-0.005785
15330		-0.005703
15340		-0.005629
15350		-0.005541
15360		-0.005366
15370		-0.005183
15380		-0.004975
15390		-0.004766
15400		-0.004574
15410		-0.004400
15420		-0.004285
15430		-0.004138
15440		-0.003958
15450		-0.003815
15460		-0.003753
15470		-0.003684
15480		-0.003540
15490		-0.003407
15500		-0.003299
15510		-0.003146
15520		-0.002949
15530		-0.002793
15540		-0.002631
15550		-0.002465
15560		-0.002286
15570		-0.002075
15580		-0.001859
15590		-0.001617
15600		-0.001392
15610		-0.001134
15620		-0.000872
15630		-0.000661
15640		-0.000505
15650		-0.000343
15660		-0.000216
15670		-0.000169
15680		-0.000224
15690		-0.000315
15700		-0.000356
15710		-0.000382
15720		-0.000362
15730		-0.000342
15740		-0.000329
15750		-0.000305
15760		-0.000289
15770		-0.000261
15780		-0.000211
15790		-0.000212
15800		-0.000171
15810		-0.000181
15820		-0.000130
15830		-0.000024
15840		0.000112
15850		0.000287
15860		0.000492
15870		0.000655
15880		0.000781
15890		0.000924
15900		0.001065
15910		0.001233
15920		0.001427
15930		0.001683
15940		0.001924
15950		0.002155
15960		0.002373
15970		0.002571
15980		0.002798
15990		0.003019
16000		0.003261
16010		0.003495
16020		0.003678
16030		0.003798
16040		0.003928
16050		0.004034
16060		0.004142
16070		0.004233
16080		0.004361
16090		0.004508
16100		0.004595
16110		0.004649
16120		0.004679
16130		0.004727
16140		0.004690
16150		0.004524
16160		0.004335
16170		0.004168
16180		0.004044
16190		0.003979
16200		0.003941
16210		0.003910
16220		0.003823
16230		0.003696
16240		0.003600
16250		0.003560
16260		0.003579
16270		0.003709
16280		0.003854
16290		0.003982
16300		0.004043
16310		0.004028
16320		0.003929
16330		0.003792
16340		0.003670
16350		0.003580
16360		0.003500
16370		0.003380
16380		0.003314
16390		0.003282
16400		0.003197
16410		0.003131
16420		0.003092
16430		0.003041
16440		0.002961
16450		0.002859
16460		0.002724
16470		0.002589
16480		0.002511
16490		0.002431
16500		0.002368
16510		0.002290
16520		0.002225
16530		0.002193
16540		0.002110
16550		0.002007
16560		0.001957
16570		0.001918
16580		0.001892
16590		0.001897
16600		0.001988
16610		0.002163
16620		0.002311
16630		0.002503
16640		0.002722
16650		0.002966
16660		0.003205
16670		0.003396
16680		0.003541
16690		0.003667
16700		0.003738
16710		0.003803
16720		0.003825
16730		0.003836
16740		0.003830
16750		0.003776
16760		0.003662
16770		0.003479
16780		0.003316
16790		0.003137
16800		0.002891
16810		0.002641
16820		0.002415
16830		0.002123
16840		0.001829
16850		0.001510
16860		0.001183
16870		0.000802
16880		0.000375
16890		-0.000097
16900		-0.000606
16910		-0.001132
16920		-0.001670
16930		-0.002175
16940		-0.002664
16950		-0.003171
16960		-0.003684
16970		-0.004170
16980		-0.004613
16990		-0.005044
17000		-0.005558
17010		-0.006031
17020		-0.006392
17030		-0.006700
17040		-0.007005
17050		-0.007309
17060		-0.007612
17070		-0.007920
17080		-0.008262
17090		-0.008560
17100		-0.008854
17110		-0.009135
17120		-0.009442
17130		-0.009792
17140		-0.010232
17150		-0.010704
17160		-0.011194
17170		-0.011647
17180		-0.012141
17190		-0.012699
17200		-0.013283
17210		-0.013839
17220		-0.014467
17230		-0.015040
17240		-0.015548
17250		-0.016016
17260		-0.016508
17270		-0.017009
17280		-0.017490
17290		-0.017986
17300		-0.018424
17310		-0.018895
17320		-0.019272
17330		-0.019667
17340		-0.020062
17350		-0.020424
17360		-0.020704
17370		-0.020981
17380		-0.021315
17390		-0.021626
17400		-0.021813
17410		-0.021937
17420		-0.022047
17430		-0.022106
17440		-0.022055
17450		-0.021980
17460		-0.021854
17470		-0.021681
17480		-0.021496
17490		-0.021279
17500		-0.021052
17510		-0.020786
17520		-0.020493
17530		-0.020193
17540		-0.019924
17550		-0.019679
17560		-0.019368
17570		-0.019027
17580		-0.018673
17590		-0.018336
17600		-0.018001
17610		-0.017656
17620		-0.017346
17630		-0.017092
17640		-0.016897
17650		-0.016643
17660		-0.016289
17670		-0.015943
17680		-0.015563
17690		-0.015230
17700		-0.014920
17710		-0.014608
17720		-0.014340
17730		-0.014038
17740		-0.013709
17750		-0.013341
17760		-0.012979
17770		-0.012618
17780		-0.012258
17790		-0.011906
17800		-0.011584
17810		-0.011266
17820		-0.010941
17830		-0.010610
17840		-0.010261
17850		-0.009956
17860		-0.009704
17870		-0.009409
17880		-0.009120
17890		-0.008816
17900		-0.008487
17910		-0.008142
17920		-0.007726
17930		-0.007309
17940		-0.006902
17950		-0.006482
17960		-0.006071
17970		-0.005713
17980		-0.005395
17990		-0.005081
18000		-0.004703
18010		-0.004300
18020		-0.003907
18030		-0.003575
18040		-0.003281
18050		-0.002955
18060		-0.002592
18070		-0.002239
18080		-0.001917
18090		-0.001616
18100		-0.001372
18110		-0.001102
18120		-0.000848
18130		-0.000566
18140		-0.000261
18150		0.000030
18160		0.000336
18170		0.000692
18180		0.001081
18190		0.001490
18200		0.001864
18210		0.002224
18220		0.002611
18230		0.002989
18240		0.003361
18250		0.003724
18260		0.004046
18270		0.004306
18280		0.004506
18290		0.004608
18300		0.004761
18310		0.004938
18320		0.005097
18330		0.005230
18340		0.005335
18350		0.005401
18360		0.005490
18370		0.005597
18380		0.005696
18390		0.005706
18400		0.005709
18410		0.005701
18420		0.005681
18430		0.005638
18440		0.005630
18450		0.005657
18460		0.005665
18470		0.005618
18480		0.005530
18490		0.005398
18500		0.005271
18510		0.005183
18520		0.005125
18530		0.005060
18540		0.004958
18550		0.004783
18560		0.004612
18570		0.004498
18580		0.004377
18590		0.004309
18600		0.004256
18610		0.004239
18620		0.004220
18630		0.004181
18640		0.004109
18650		0.004098
18660		0.004089
18670		0.004074
18680		0.004136
18690		0.004198
18700		0.004226
18710		0.004200
18720		0.004225
18730		0.004231
18740		0.004199
18750		0.004138
18760		0.004051
18770		0.003869
18780		0.003685
18790		0.003589
18800		0.003456
18810		0.003264
18820		0.003068
18830		0.002833
18840		0.002557
18850		0.002225
18860		0.001917
18870		0.001617
18880		0.001254
18890		0.000835
18900		0.000439
18910		0.000060
18920		-0.000304
18930		-0.000619
18940		-0.000891
18950		-0.001175
18960		-0.001416
18970		-0.001701
18980		-0.002100
18990		-0.002527
19000		-0.002932
19010		-0.003300
19020		-0.003669
19030		-0.003990
19040		-0.004277
19050		-0.004607
19060		-0.004859
19070		-0.005067
19080		-0.005329
19090		-0.005558
19100		-0.005791
19110		-0.006030
19120		-0.006280
19130		-0.006585
19140		-0.006928
19150		-0.007251
19160		-0.007537
19170		-0.007839
19180		-0.008133
19190		-0.008396
19200		-0.008607
19210		-0.008771
19220		-0.008987
19230		-0.009199
19240		-0.009407
19250		-0.009602
19260		-0.009749
19270		-0.009886
19280		-0.010058
19290		-0.010330
19300		-0.010641
19310		-0.010994
19320		-0.011385
19330		-0.011772
19340		-0.012210
19350		-0.012635
19360		-0.013108
19370		-0.013657
19380		-0.014264
19390		-0.014854
19400		-0.015434
19410		-0.015990
19420		-0.016553
19430		-0.017147
19440		-0.017732
19450		-0.018263
19460		-0.018807
19470		-0.019345
19480		-0.019848
19490		-0.020354
19500		-0.020740
19510		-0.021113
19520		-0.021521
19530		-0.021934
19540		-0.022356
19550		-0.022747
19560		-0.023107
19570		-0.023443
19580		-0.023745
19590		-0.024024
19600		-0.024324
19610		-0.024708
19620		-0.025124
19630		-0.025488
19640		-0.025808
19650		-0.026149
19660		-0.026497
19670		-0.026817
19680		-0.027097
19690		-0.027358
19700		-0.027628
19710		-0.027919
19720		-0.028260
19730		-0.028605
19740		-0.028921
19750		-0.029231
19760		-0.029530
19770		-0.029801
19780		-0.030088
19790		-0.030348
19800		-0.030568
19810		-0.030760
19820		-0.030858
19830		-0.030887
19840		-0.030888
19850		-0.030913
19860		-0.031037
19870		-0.031164
19880		-0.031303
19890		-0.031403
19900		-0.031485
19910		-0.031573
19920		-0.031628
19930		-0.031658
19940		-0.031643
19950		-0.031589
19960		-0.031531
19970		-0.031428
19980		-0.031431
19990		-0.031471
