k		corr_k
0		1.000000
10		0.998796
20		0.997255
30		0.995760
40		0.994261
50		0.992795
60		0.991319
70		0.989897
80		0.988489
90		0.987156
100		0.985825
110		0.984516
120		0.983224
130		0.982016
140		0.980811
150		0.979652
160		0.978473
170		0.977277
180		0.976173
190		0.975078
200		0.974007
210		0.972922
220		0.971904
230		0.970883
240		0.969831
250		0.968859
260		0.967956
270		0.967029
280		0.966073
290		0.965204
300		0.964271
310		0.963392
320		0.962531
330		0.961714
340		0.960988
350		0.960216
360		0.959422
370		0.958736
380		0.958032
390		0.957340
400		0.956606
410		0.955932
420		0.955277
430		0.954631
440		0.953976
450		0.953344
460		0.952792
470		0.952237
480		0.951693
490		0.951162
500		0.950627
510		0.950034
520		0.949504
530		0.948940
540		0.948423
550		0.947916
560		0.947356
570		0.946844
580		0.946339
590		0.945879
600		0.945378
610		0.944881
620		0.944432
630		0.943942
640		0.943478
650		0.943090
660		0.942635
670		0.942203
680		0.941796
690		0.941400
700		0.941014
710		0.940672
720		0.940270
730		0.939953
740		0.939605
750		0.939245
760		0.938947
770		0.938619
780		0.938269
790		0.937904
800		0.937616
810		0.937248
820		0.936931
830		0.936570
840		0.936243
850		0.935937
860		0.935582
870		0.935239
880		0.934933
890		0.934629
900		0.934334
910		0.934031
920		0.933693
930		0.933366
940		0.933092
950		0.932816
960		0.932575
970		0.932307
980		0.932033
990		0.931760
1000		0.931517
1010		0.931237
1020		0.931020
1030		0.930774
1040		0.930553
1050		0.930300
1060		0.930071
1070		0.929896
1080		0.929673
1090		0.929396
1100		0.929179
1110		0.928970
1120		0.928751
1130		0.928613
1140		0.928407
1150		0.928246
1160		0.928122
1170		0.927941
1180		0.927800
1190		0.927641
1200		0.927505
1210		0.927376
1220		0.927198
1230		0.927059
1240		0.926866
1250		0.926709
1260		0.926573
1270		0.926398
1280		0.926267
1290		0.926094
1300		0.925953
1310		0.925811
1320		0.925665
1330		0.925527
1340		0.925329
1350		0.925172
1360		0.925021
1370		0.924856
1380		0.924712
1390		0.924536
1400		0.924365
1410		0.924210
1420		0.924079
1430		0.923897
1440		0.923759
1450		0.923615
1460		0.923487
1470		0.923317
1480		0.923192
1490		0.923082
1500		0.922963
1510		0.922826
1520		0.922704
1530		0.922548
1540		0.922417
1550		0.922288
1560		0.922134
1570		0.922008
1580		0.921815
1590		0.921668
1600		0.921503
1610		0.921345
1620		0.921185
1630		0.921068
1640		0.920936
1650		0.920830
1660		0.920706
1670		0.920602
1680		0.920516
1690		0.920411
1700		0.920329
1710		0.920213
1720		0.920129
1730		0.919995
1740		0.919966
1750		0.919857
1760		0.919803
1770		0.919722
1780		0.919617
1790		0.919475
1800		0.919339
1810		0.919269
1820		0.919194
1830		0.919084
1840		0.919014
1850		0.918951
1860		0.918873
1870		0.918725
1880		0.918656
1890		0.918561
1900		0.918491
1910		0.918419
1920		0.918333
1930		0.918260
1940		0.918219
1950		0.918159
1960		0.918087
1970		0.918003
1980		0.917916
1990		0.917862
2000		0.917812
2010		0.917731
2020		0.917646
2030		0.917579
2040		0.917459
2050		0.917363
2060		0.917306
2070		0.917194
2080		0.917132
2090		0.917050
2100		0.916937
2110		0.916844
2120		0.916697
2130		0.916583
2140		0.916460
2150		0.916351
2160		0.916283
2170		0.916131
2180		0.916019
2190		0.915913
2200		0.915836
2210		0.915749
2220		0.915613
2230		0.915506
2240		0.915442
2250		0.915362
2260		0.915260
2270		0.915153
2280		0.915052
2290		0.914977
2300		0.914864
2310		0.914818
2320		0.914702
2330		0.914587
2340		0.914506
2350		0.914454
2360		0.914369
2370		0.914298
2380		0.914229
2390		0.914168
2400		0.914088
2410		0.914045
2420		0.913978
2430		0.913869
2440		0.913799
2450		0.913746
2460		0.913676
2470		0.913609
2480		0.913622
2490		0.913559
2500		0.913574
2510		0.913541
2520		0.913497
2530		0.913454
2540		0.913436
2550		0.913340
2560		0.913259
2570		0.913227
2580		0.913113
2590		0.913082
2600		0.912986
2610		0.912903
2620		0.912870
2630		0.912805
2640		0.912704
2650		0.912634
2660		0.912547
2670		0.912440
2680		0.912335
2690		0.912239
2700		0.912156
2710		0.912054
2720		0.911953
2730		0.911829
2740		0.911731
2750		0.911639
2760		0.911582
2770		0.911444
2780		0.911358
2790		0.911266
2800		0.911214
2810		0.911147
2820		0.911056
2830		0.910968
2840		0.910889
2850		0.910776
2860		0.910646
2870		0.910523
2880		0.910411
2890		0.910317
2900		0.910214
2910		0.910139
2920		0.910066
2930		0.909992
2940		0.909856
2950		0.909791
2960		0.909686
2970		0.909654
2980		0.909560
2990		0.909507
3000		0.909417
3010		0.909342
3020		0.909296
3030		0.909248
3040		0.909178
3050		0.909124
3060		0.909089
3070		0.909029
3080		0.908988
3090		0.908945
3100		0.908871
3110		0.908826
3120		0.908776
3130		0.908696
3140		0.908695
3150		0.908650
3160		0.908608
3170		0.908558
3180		0.908501
3190		0.908425
3200		0.908385
3210		0.908312
3220		0.908195
3230		0.908155
3240		0.908066
3250		0.907968
3260		0.907936
3270		0.907842
3280		0.907792
3290		0.907695
3300		0.907604
3310		0.907529
3320		0.907495
3330		0.907398
3340		0.907352
3350		0.907243
3360		0.907202
3370		0.907110
3380		0.907044
3390		0.906984
3400		0.906944
3410		0.906896
3420		0.906806
3430		0.906775
3440		0.906656
3450		0.906580
3460		0.906512
3470		0.906457
3480		0.906435
3490		0.906330
3500		0.906266
3510		0.906183
3520		0.906081
3530		0.905968
3540		0.905906
3550		0.905770
3560		0.905638
3570		0.905499
3580		0.905416
3590		0.905293
3600		0.905146
3610		0.905037
3620		0.904939
3630		0.904814
3640		0.904738
3650		0.904621
3660		0.904510
3670		0.904398
3680		0.904320
3690		0.904173
3700		0.904136
3710		0.904041
3720		0.903989
3730		0.903885
3740		0.903791
3750		0.903668
3760		0.903634
3770		0.903560
3780		0.903502
3790		0.903396
3800		0.903307
3810		0.903237
3820		0.903180
3830		0.903118
3840		0.903062
3850		0.902970
3860		0.902920
3870		0.902865
3880		0.902822
3890		0.902747
3900		0.902726
3910		0.902675
3920		0.902615
3930		0.902546
3940		0.902490
3950		0.902425
3960		0.902313
3970		0.902265
3980		0.902176
3990		0.902099
4000		0.902027
4010		0.901955
4020		0.901838
4030		0.901832
4040		0.901735
4050		0.901654
4060		0.901617
4070		0.901538
4080		0.901456
4090		0.901340
4100		0.901235
4110		0.901187
4120		0.901124
4130		0.901074
4140		0.901008
4150		0.900904
4160		0.900826
4170		0.900758
4180		0.900632
4190		0.900559
4200		0.900510
4210		0.900447
4220		0.900357
4230		0.900218
4240		0.900123
4250		0.899988
4260		0.899848
4270		0.899722
4280		0.899603
4290		0.899489
4300		0.899374
4310		0.899261
4320		0.899157
4330		0.899069
4340		0.898994
4350		0.898863
4360		0.898789
4370		0.898651
4380		0.898576
4390		0.898523
4400		0.898447
4410		0.898408
4420		0.898351
4430		0.898324
4440		0.898287
4450		0.898215
4460		0.898138
4470		0.898110
4480		0.898035
4490		0.898026
4500		0.897954
4510		0.897897
4520		0.897815
4530		0.897776
4540		0.897725
4550		0.897651
4560		0.897626
4570		0.897548
4580		0.897548
4590		0.897541
4600		0.897448
4610		0.897406
4620		0.897344
4630		0.897325
4640		0.897228
4650		0.897201
4660		0.897149
4670		0.897153
4680		0.897079
4690		0.897049
4700		0.896996
4710		0.896964
4720		0.896901
4730		0.896861
4740		0.896807
4750		0.896805
4760		0.896780
4770		0.896740
4780		0.896758
4790		0.896764
4800		0.896724
4810		0.896697
4820		0.896734
4830		0.896703
4840		0.896703
4850		0.896693
4860		0.896680
4870		0.896690
4880		0.896672
4890		0.896653
4900		0.896611
4910		0.896567
4920		0.896545
4930		0.896556
4940		0.896546
4950		0.896478
4960		0.896447
4970		0.896399
4980		0.896404
4990		0.896391
5000		0.896382
5010		0.896339
5020		0.896340
5030		0.896351
5040		0.896376
5050		0.896394
5060		0.896387
5070		0.896402
5080		0.896433
5090		0.896411
5100		0.896402
5110		0.896404
5120		0.896360
5130		0.896369
5140		0.896316
5150		0.896246
5160		0.896174
5170		0.896078
5180		0.896039
5190		0.896018
5200		0.895920
5210		0.895833
5220		0.895773
5230		0.895703
5240		0.895602
5250		0.895508
5260		0.895413
5270		0.895300
5280		0.895224
5290		0.895151
5300		0.895025
5310		0.894923
5320		0.894814
5330		0.894751
5340		0.894663
5350		0.894596
5360		0.894511
5370		0.894464
5380		0.894382
5390		0.894302
5400		0.894243
5410		0.894192
5420		0.894125
5430		0.894054
5440		0.894006
5450		0.893948
5460		0.893912
5470		0.893855
5480		0.893805
5490		0.893765
5500		0.893716
5510		0.893672
5520		0.893612
5530		0.893601
5540		0.893552
5550		0.893500
5560		0.893528
5570		0.893482
5580		0.893493
5590		0.893481
5600		0.893519
5610		0.893494
5620		0.893456
5630		0.893433
5640		0.893433
5650		0.893422
5660		0.893413
5670		0.893398
5680		0.893359
5690		0.893286
5700		0.893275
5710		0.893231
5720		0.893239
5730		0.893204
5740		0.893168
5750		0.893131
5760		0.893097
5770		0.893023
5780		0.892973
5790		0.892919
5800		0.892880
5810		0.892798
5820		0.892719
5830		0.892687
5840		0.892645
5850		0.892573
5860		0.892512
5870		0.892468
5880		0.892423
5890		0.892411
5900		0.892383
5910		0.892273
5920		0.892201
5930		0.892119
5940		0.892019
5950		0.891953
5960		0.891853
5970		0.891746
5980		0.891669
5990		0.891596
6000		0.891569
6010		0.891469
6020		0.891384
6030		0.891330
6040		0.891264
6050		0.891194
6060		0.891189
6070		0.891107
6080		0.891070
6090		0.891022
6100		0.890949
6110		0.890888
6120		0.890837
6130		0.890780
6140		0.890756
6150		0.890684
6160		0.890596
6170		0.890535
6180		0.890477
6190		0.890414
6200		0.890342
6210		0.890276
6220		0.890230
6230		0.890162
6240		0.890087
6250		0.890043
6260		0.889941
6270		0.889868
6280		0.889821
6290		0.889774
6300		0.889729
6310		0.889689
6320		0.889627
6330		0.889553
6340		0.889520
6350		0.889460
6360		0.889412
6370		0.889359
6380		0.889380
6390		0.889324
6400		0.889300
6410		0.889298
6420		0.889260
6430		0.889223
6440		0.889204
6450		0.889157
6460		0.889138
6470		0.889120
6480		0.889075
6490		0.889032
6500		0.888999
6510		0.888960
6520		0.888922
6530		0.888890
6540		0.888870
6550		0.888830
6560		0.888782
6570		0.888762
6580		0.888749
6590		0.888694
6600		0.888614
6610		0.888576
6620		0.888484
6630		0.888447
6640		0.888337
6650		0.888297
6660		0.888249
6670		0.888222
6680		0.888185
6690		0.888151
6700		0.888135
6710		0.888113
6720		0.888095
6730		0.888065
6740		0.888013
6750		0.887961
6760		0.887944
6770		0.887913
6780		0.887854
6790		0.887792
6800		0.887745
6810		0.887644
6820		0.887516
6830		0.887420
6840		0.887333
6850		0.887210
6860		0.887147
6870		0.887028
6880		0.886930
6890		0.886839
6900		0.886724
6910		0.886643
6920		0.886552
6930		0.886491
6940		0.886368
6950		0.886286
6960		0.886251
6970		0.886148
6980		0.886036
6990		0.885981
7000		0.885885
7010		0.885788
7020		0.885702
7030		0.885578
7040		0.885516
7050		0.885425
7060		0.885306
7070		0.885221
7080		0.885157
7090		0.885109
7100		0.885042
7110		0.884951
7120		0.884894
7130		0.884828
7140		0.884763
7150		0.884691
7160		0.884661
7170		0.884607
7180		0.884547
7190		0.884526
7200		0.884494
7210		0.884448
7220		0.884411
7230		0.884357
7240		0.884273
7250		0.884188
7260		0.884148
7270		0.884084
7280		0.884037
7290		0.883971
7300		0.883947
7310		0.883911
7320		0.883868
7330		0.883877
7340		0.883858
7350		0.883820
7360		0.883802
7370		0.883797
7380		0.883785
7390		0.883793
7400		0.883815
7410		0.883776
7420		0.883770
7430		0.883767
7440		0.883804
7450		0.883804
7460		0.883811
7470		0.883784
7480		0.883758
7490		0.883751
7500		0.883722
7510		0.883659
7520		0.883634
7530		0.883582
7540		0.883538
7550		0.883434
7560		0.883413
7570		0.883378
7580		0.883335
7590		0.883285
7600		0.883235
7610		0.883176
7620		0.883178
7630		0.883093
7640		0.883107
7650		0.883053
7660		0.883033
7670		0.882980
7680		0.882937
7690		0.882947
7700		0.882865
7710		0.882825
7720		0.882795
7730		0.882745
7740		0.882698
7750		0.882663
7760		0.882612
7770		0.882583
7780		0.882529
7790		0.882454
7800		0.882392
7810		0.882372
7820		0.882295
7830		0.882261
7840		0.882212
7850		0.882108
7860		0.882018
7870		0.881943
7880		0.881837
7890		0.881731
7900		0.881639
7910		0.881547
7920		0.881416
7930		0.881306
7940		0.881188
7950		0.881096
7960		0.880973
7970		0.880875
7980		0.880770
7990		0.880694
8000		0.880592
8010		0.880490
8020		0.880426
8030		0.880353
8040		0.880275
8050		0.880191
8060		0.880115
8070		0.880014
8080		0.879952
8090		0.879857
8100		0.879786
8110		0.879704
8120		0.879638
8130		0.879576
8140		0.879503
8150		0.879435
8160		0.879383
8170		0.879351
8180		0.879302
8190		0.879274
8200		0.879235
8210		0.879191
8220		0.879139
8230		0.879116
8240		0.879082
8250		0.879099
8260		0.879079
8270		0.879049
8280		0.879038
8290		0.879069
8300		0.879067
8310		0.879082
8320		0.879091
8330		0.879071
8340		0.879064
8350		0.879034
8360		0.878997
8370		0.878984
8380		0.878976
8390		0.878882
8400		0.878853
8410		0.878802
8420		0.878770
8430		0.878738
8440		0.878689
8450		0.878708
8460		0.878676
8470		0.878625
8480		0.878599
8490		0.878535
8500		0.878485
8510		0.878431
8520		0.878388
8530		0.878337
8540		0.878243
8550		0.878200
8560		0.878095
8570		0.878025
8580		0.877943
8590		0.877905
8600		0.877842
8610		0.877822
8620		0.877744
8630		0.877679
8640		0.877642
8650		0.877593
8660		0.877509
8670		0.877475
8680		0.877394
8690		0.877321
8700		0.877247
8710		0.877195
8720		0.877177
8730		0.877101
8740		0.877078
8750		0.876997
8760		0.876950
8770		0.876891
8780		0.876856
8790		0.876811
8800		0.876755
8810		0.876697
8820		0.876651
8830		0.876618
8840		0.876591
8850		0.876544
8860		0.876513
8870		0.876512
8880		0.876497
8890		0.876519
8900		0.876476
8910		0.876508
8920		0.876491
8930		0.876469
8940		0.876503
8950		0.876514
8960		0.876531
8970		0.876505
8980		0.876478
8990		0.876476
9000		0.876471
9010		0.876495
9020		0.876470
9030		0.876456
9040		0.876495
9050		0.876506
9060		0.876557
9070		0.876537
9080		0.876529
9090		0.876533
9100		0.876520
9110		0.876493
9120		0.876471
9130		0.876453
9140		0.876437
9150		0.876395
9160		0.876339
9170		0.876310
9180		0.876257
9190		0.876205
9200		0.876170
9210		0.876163
9220		0.876097
9230		0.876070
9240		0.876055
9250		0.876048
9260		0.876002
9270		0.875982
9280		0.875965
9290		0.875892
9300		0.875815
9310		0.875758
9320		0.875707
9330		0.875636
9340		0.875605
9350		0.875562
9360		0.875499
9370		0.875471
9380		0.875455
9390		0.875436
9400		0.875378
9410		0.875350
9420		0.875349
9430		0.875360
9440		0.875283
9450		0.875261
9460		0.875211
9470		0.875149
9480		0.875087
9490		0.875033
9500		0.874982
9510		0.874929
9520		0.874874
9530		0.874814
9540		0.874744
9550		0.874680
9560		0.874599
9570		0.874511
9580		0.874421
9590		0.874336
9600		0.874220
9610		0.874117
9620		0.874027
9630		0.873940
9640		0.873883
9650		0.873746
9660		0.873675
9670		0.873579
9680		0.873503
9690		0.873480
9700		0.873371
9710		0.873300
9720		0.873224
9730		0.873138
9740		0.873054
9750		0.872996
9760		0.872927
9770		0.872810
9780		0.872740
9790		0.872616
9800		0.872539
9810		0.872413
9820		0.872313
9830		0.872212
9840		0.872073
9850		0.871981
9860		0.871849
9870		0.871737
9880		0.871603
9890		0.871465
9900		0.871339
9910		0.871174
9920		0.871060
9930		0.870939
9940		0.870808
9950		0.870673
9960		0.870574
9970		0.870468
9980		0.870343
9990		0.870221
10000		0.870110
10010		0.869977
10020		0.869834
10030		0.869673
10040		0.869488
10050		0.869341
10060		0.869197
10070		0.869048
10080		0.868901
10090		0.868746
10100		0.868593
10110		0.868410
10120		0.868280
10130		0.868143
10140		0.868025
10150		0.867924
10160		0.867761
10170		0.867637
10180		0.867553
10190		0.867466
10200		0.867347
10210		0.867257
10220		0.867190
10230		0.867126
10240		0.867016
10250		0.866893
10260		0.866811
10270		0.866728
10280		0.866619
10290		0.866515
10300		0.866438
10310		0.866325
10320		0.866244
10330		0.866176
10340		0.866110
10350		0.866083
10360		0.866024
10370		0.865979
10380		0.865963
10390		0.865898
10400		0.865885
10410		0.865851
10420		0.865836
10430		0.865769
10440		0.865726
10450		0.865670
10460		0.865615
10470		0.865532
10480		0.865505
10490		0.865453
10500		0.865387
10510		0.865319
10520		0.865256
10530		0.865217
10540		0.865196
10550		0.865183
10560		0.865117
10570		0.865110
10580		0.865036
10590		0.865008
10600		0.864996
10610		0.864913
10620		0.864864
10630		0.864826
10640		0.864769
10650		0.864707
10660		0.864680
10670		0.864629
10680		0.864527
10690		0.864461
10700		0.864350
10710		0.864330
10720		0.864260
10730		0.864200
10740		0.864129
10750		0.864030
10760		0.863965
10770		0.863896
10780		0.863741
10790		0.863659
10800		0.863586
10810		0.863488
10820		0.863388
10830		0.863295
10840		0.863191
10850		0.863136
10860		0.863050
10870		0.862992
10880		0.862916
10890		0.862838
10900		0.862762
10910		0.862694
10920		0.862640
10930		0.862564
10940		0.862523
10950		0.862467
10960		0.862378
10970		0.862310
10980		0.862264
10990		0.862201
11000		0.862143
11010		0.862120
11020		0.862050
11030		0.861979
11040		0.861901
11050		0.861848
11060		0.861772
11070		0.861744
11080		0.861618
11090		0.861548
11100		0.861479
11110		0.861393
11120		0.861314
11130		0.861252
11140		0.861197
11150		0.861135
11160		0.861099
11170		0.861067
11180		0.860991
11190		0.860906
11200		0.860811
11210		0.860785
11220		0.860722
11230		0.860659
11240		0.860599
11250		0.860519
11260		0.860457
11270		0.860408
11280		0.860352
11290		0.860299
11300		0.860202
11310		0.860141
11320		0.860108
11330		0.860025
11340		0.859971
11350		0.859894
11360		0.859859
11370		0.859758
11380		0.859728
11390		0.859689
11400		0.859667
11410		0.859598
11420		0.859561
11430		0.859558
11440		0.859499
11450		0.859464
11460		0.859467
11470		0.859423
11480		0.859402
11490		0.859412
11500		0.859388
11510		0.859431
11520		0.859406
11530		0.859375
11540		0.859367
11550		0.859349
11560		0.859318
11570		0.859287
11580		0.859261
11590		0.859232
11600		0.859229
11610		0.859176
11620		0.859160
11630		0.859133
11640		0.859121
11650		0.859053
11660		0.859059
11670		0.859021
11680		0.858959
11690		0.858910
11700		0.858872
11710		0.858797
11720		0.858718
11730		0.858624
11740		0.858603
11750		0.858518
11760		0.858463
11770		0.858343
11780		0.858316
11790		0.858287
11800		0.858241
11810		0.858200
11820		0.858188
11830		0.858101
11840		0.858052
11850		0.857993
11860		0.857999
11870		0.857942
11880		0.857881
11890		0.857826
11900		0.857766
11910		0.857687
11920		0.857593
11930		0.857533
11940		0.857459
11950		0.857387
11960		0.857329
11970		0.857274
11980		0.857209
11990		0.857134
12000		0.857078
12010		0.857036
12020		0.857023
12030		0.857012
12040		0.856941
12050		0.856911
12060		0.856910
12070		0.856911
12080		0.856886
12090		0.856829
12100		0.856811
12110		0.856759
12120		0.856695
12130		0.856637
12140		0.856573
12150		0.856522
12160		0.856481
12170		0.856444
12180		0.856402
12190		0.856318
12200		0.856288
12210		0.856207
12220		0.856177
12230		0.856139
12240		0.856104
12250		0.856068
12260		0.856032
12270		0.855984
12280		0.855957
12290		0.855884
12300		0.855820
12310		0.855755
12320		0.855721
12330		0.855644
12340		0.855635
12350		0.855607
12360		0.855562
12370		0.855509
12380		0.855478
12390		0.855477
12400		0.855450
12410		0.855414
12420		0.855388
12430		0.855344
12440		0.855317
12450		0.855320
12460		0.855297
12470		0.855246
12480		0.855232
12490		0.855242
12500		0.855203
12510		0.855149
12520		0.855186
12530		0.855163
12540		0.855172
12550		0.855154
12560		0.855154
12570		0.855103
12580		0.855094
12590		0.855084
12600		0.855074
12610		0.855044
12620		0.855002
12630		0.854948
12640		0.854899
12650		0.854840
12660		0.854809
12670		0.854682
12680		0.854650
12690		0.854579
12700		0.854532
12710		0.854487
12720		0.854469
12730		0.854413
12740		0.854349
12750		0.854291
12760		0.854208
12770		0.854186
12780		0.854128
12790		0.854054
12800		0.853972
12810		0.853889
12820		0.853766
12830		0.853664
12840		0.853638
12850		0.853545
12860		0.853450
12870		0.853418
12880		0.853325
12890		0.853276
12900		0.853194
12910		0.853067
12920		0.853005
12930		0.852910
12940		0.852864
12950		0.852799
12960		0.852689
12970		0.852600
12980		0.852505
12990		0.852417
13000		0.852355
13010		0.852296
13020		0.852214
13030		0.852183
13040		0.852126
13050		0.852089
13060		0.852023
13070		0.851982
13080		0.851949
13090		0.851911
13100		0.851842
13110		0.851783
13120		0.851710
13130		0.851701
13140		0.851671
13150		0.851665
13160		0.851638
13170		0.851632
13180		0.851606
13190		0.851625
13200		0.851622
13210		0.851623
13220		0.851630
13230		0.851630
13240		0.851669
13250		0.851653
13260		0.851692
13270		0.851692
13280		0.851728
13290		0.851701
13300		0.851689
13310		0.851699
13320		0.851700
13330		0.851725
13340		0.851784
13350		0.851795
13360		0.851820
13370		0.851857
13380		0.851908
13390		0.851934
13400		0.851957
13410		0.851988
13420		0.851967
13430		0.852002
13440		0.851981
13450		0.851993
13460		0.851991
13470		0.852001
13480		0.852018
13490		0.851997
13500		0.852024
13510		0.852025
13520		0.852022
13530		0.852019
13540		0.852003
13550		0.851982
13560		0.851951
13570		0.851946
13580		0.851908
13590		0.851934
13600		0.851948
13610		0.851905
13620		0.851849
13630		0.851783
13640		0.851777
13650		0.851755
13660		0.851738
13670		0.851689
13680		0.851679
13690		0.851627
13700		0.851606
13710		0.851562
13720		0.851517
13730		0.851440
13740		0.851397
13750		0.851333
13760		0.851249
13770		0.851188
13780		0.851113
13790		0.851022
13800		0.850909
13810		0.850840
13820		0.850754
13830		0.850669
13840		0.850608
13850		0.850571
13860		0.850525
13870		0.850475
13880		0.850421
13890		0.850380
13900		0.850330
13910		0.850285
13920		0.850257
13930		0.850174
13940		0.850141
13950		0.850087
13960		0.850033
13970		0.849929
13980		0.849853
13990		0.849792
14000		0.849755
14010		0.849647
14020		0.849589
14030		0.849575
14040		0.849521
14050		0.849479
14060		0.849429
14070		0.849377
14080		0.849298
14090		0.849270
14100		0.849237
14110		0.849180
14120		0.849132
14130		0.849091
14140		0.849034
14150		0.849000
14160		0.848952
14170		0.848905
14180		0.848834
14190		0.848794
14200		0.848687
14210		0.848575
14220		0.848518
14230		0.848460
14240		0.848400
14250		0.848329
14260		0.848308
14270		0.848259
14280		0.848227
14290		0.848191
14300		0.848153
14310		0.848099
14320		0.848051
14330		0.848009
14340		0.847971
14350		0.847926
14360		0.847917
14370		0.847907
14380		0.847920
14390		0.847905
14400		0.847839
14410		0.847785
14420		0.847761
14430		0.847759
14440		0.847709
14450		0.847661
14460		0.847620
14470		0.847585
14480		0.847527
14490		0.847461
14500		0.847404
14510		0.847327
14520		0.847194
14530		0.847136
14540		0.847090
14550		0.846987
14560		0.846941
14570		0.846931
14580		0.846889
14590		0.846854
14600		0.846822
14610		0.846822
14620		0.846820
14630		0.846817
14640		0.846803
14650		0.846784
14660		0.846768
14670		0.846747
14680		0.846721
14690		0.846723
14700		0.846688
14710		0.846642
14720		0.846612
14730		0.846570
14740		0.846502
14750		0.846423
14760		0.846373
14770		0.846313
14780		0.846255
14790		0.846200
14800		0.846111
14810		0.846037
14820		0.845932
14830		0.845802
14840		0.845731
14850		0.845641
14860		0.845555
14870		0.845449
14880		0.845343
14890		0.845248
14900		0.845139
14910		0.845047
14920		0.844950
14930		0.844858
14940		0.844765
14950		0.844669
14960		0.844569
14970		0.844477
14980		0.844353
14990		0.844239
15000		0.844164
15010		0.844025
15020		0.843928
15030		0.843834
15040		0.843746
15050		0.843620
15060		0.843522
15070		0.843384
15080		0.843278
15090		0.843139
15100		0.843033
15110		0.842892
15120		0.842783
15130		0.842700
15140		0.842601
15150		0.842502
15160		0.842426
15170		0.842331
15180		0.842210
15190		0.842102
15200		0.842033
15210		0.841927
15220		0.841835
15230		0.841753
15240		0.841670
15250		0.841586
15260		0.841535
15270		0.841455
15280		0.841408
15290		0.841368
15300		0.841366
15310		0.841330
15320		0.841292
15330		0.841234
15340		0.841187
15350		0.841149
15360		0.841105
15370		0.841037
15380		0.840962
15390		0.840894
15400		0.840835
15410		0.840775
15420		0.840711
15430		0.840637
15440		0.840587
15450		0.840516
15460		0.840465
15470		0.840438
15480		0.840405
15490		0.840392
15500		0.840323
15510		0.840300
15520		0.840270
15530		0.840209
15540		0.840218
15550		0.840227
15560		0.840243
15570		0.840213
15580		0.840178
15590		0.840157
15600		0.840142
15610		0.840110
15620		0.840102
15630		0.840051
15640		0.839979
15650		0.839898
15660		0.839856
15670		0.839801
15680		0.839777
15690		0.839733
15700		0.839688
15710		0.839639
15720		0.839619
15730		0.839593
15740		0.839571
15750		0.839526
15760		0.839470
15770		0.839402
15780		0.839391
15790		0.839340
15800		0.839333
15810		0.839328
15820		0.839279
15830		0.839210
15840		0.839162
15850		0.839169
15860		0.839131
15870		0.839137
15880		0.839115
15890		0.839085
15900		0.839063
15910		0.839045
15920		0.839049
15930		0.838988
15940		0.838980
15950		0.838971
15960		0.838957
15970		0.838934
15980		0.838948
15990		0.838968
16000		0.838988
16010		0.839014
16020		0.839007
16030		0.839042
16040		0.839054
16050		0.839055
16060		0.839052
16070		0.839016
16080		0.839040
16090		0.838975
16100		0.839002
16110		0.839026
16120		0.838985
16130		0.839006
16140		0.839023
16150		0.838974
16160		0.838940
16170		0.838932
16180		0.838884
16190		0.838830
16200		0.838743
16210		0.838713
16220		0.838631
16230		0.838578
16240		0.838540
16250		0.838523
16260		0.838477
16270		0.838442
16280		0.838390
16290		0.838338
16300		0.838289
16310		0.838243
16320		0.838189
16330		0.838138
16340		0.838070
16350		0.838004
16360		0.837975
16370		0.837907
16380		0.837824
16390		0.837741
16400		0.837636
16410		0.837568
16420		0.837474
16430		0.837368
16440		0.837268
16450		0.837194
16460		0.837083
16470		0.836995
16480		0.836907
16490		0.836792
16500		0.836694
16510		0.836605
16520		0.836470
16530		0.836334
16540		0.836230
16550		0.836119
16560		0.835965
16570		0.835858
16580		0.835727
16590		0.835601
16600		0.835467
16610		0.835354
16620		0.835228
16630		0.835105
16640		0.835014
16650		0.834918
16660		0.834811
16670		0.834749
16680		0.834683
16690		0.834605
16700		0.834578
16710		0.834495
16720		0.834402
16730		0.834332
16740		0.834269
16750		0.834221
16760		0.834130
16770		0.834060
16780		0.833981
16790		0.833944
16800		0.833872
16810		0.833803
16820		0.833720
16830		0.833685
16840		0.833583
16850		0.833525
16860		0.833445
16870		0.833364
16880		0.833284
16890		0.833180
16900		0.833095
16910		0.833027
16920		0.832940
16930		0.832856
16940		0.832797
16950		0.832715
16960		0.832630
16970		0.832541
16980		0.832450
16990		0.832339
17000		0.832239
17010		0.832119
17020		0.831961
17030		0.831862
17040		0.831749
17050		0.831645
17060		0.831537
17070		0.831449
17080		0.831337
17090		0.831223
17100		0.831114
17110		0.831031
17120		0.830959
17130		0.830858
17140		0.830783
17150		0.830688
17160		0.830657
17170		0.830590
17180		0.830522
17190		0.830471
17200		0.830377
17210		0.830305
17220		0.830252
17230		0.830211
17240		0.830137
17250		0.830081
17260		0.829981
17270		0.829887
17280		0.829747
17290		0.829702
17300		0.829607
17310		0.829528
17320		0.829496
17330		0.829457
17340		0.829399
17350		0.829340
17360		0.829296
17370		0.829275
17380		0.829229
17390		0.829210
17400		0.829173
17410		0.829139
17420		0.829101
17430		0.829129
17440		0.829101
17450		0.829066
17460		0.829042
17470		0.829028
17480		0.829014
17490		0.828963
17500		0.828939
17510		0.828922
17520		0.828906
17530		0.828862
17540		0.828853
17550		0.828818
17560		0.828781
17570		0.828757
17580		0.828739
17590		0.828705
17600		0.828709
17610		0.828695
17620		0.828673
17630		0.828644
17640		0.828624
17650		0.828555
17660		0.828525
17670		0.828437
17680		0.828381
17690		0.828315
17700		0.828270
17710		0.828203
17720		0.828096
17730		0.828013
17740		0.827933
17750		0.827893
17760		0.827799
17770		0.827722
17780		0.827643
17790		0.827550
17800		0.827479
17810		0.827420
17820		0.827339
17830		0.827297
17840		0.827256
17850		0.827221
17860		0.827136
17870		0.827078
17880		0.827019
17890		0.826963
17900		0.826911
17910		0.826898
17920		0.826869
17930		0.826836
17940		0.826797
17950		0.826770
17960		0.826725
17970		0.826695
17980		0.826662
17990		0.826605
18000		0.826577
18010		0.826570
18020		0.826559
18030		0.826528
18040		0.826481
18050		0.826451
18060		0.826381
18070		0.826333
18080		0.826298
18090		0.826252
18100		0.826202
18110		0.826221
18120		0.826191
18130		0.826171
18140		0.826157
18150		0.826109
18160		0.826084
18170		0.826023
18180		0.825961
18190		0.825897
18200		0.825853
18210		0.825835
18220		0.825807
18230		0.825805
18240		0.825817
18250		0.825787
18260		0.825783
18270		0.825763
18280		0.825747
18290		0.825779
18300		0.825815
18310		0.825822
18320		0.825814
18330		0.825806
18340		0.825811
18350		0.825785
18360		0.825801
18370		0.825801
18380		0.825783
18390		0.825811
18400		0.825799
18410		0.825839
18420		0.825841
18430		0.825848
18440		0.825814
18450		0.825838
18460		0.825842
18470		0.825856
18480		0.825847
18490		0.825864
18500		0.825860
18510		0.825811
18520		0.825785
18530		0.825782
18540		0.825764
18550		0.825743
18560		0.825758
18570		0.825739
18580		0.825730
18590		0.825717
18600		0.825722
18610		0.825707
18620		0.825684
18630		0.825659
18640		0.825652
18650		0.825603
18660		0.825516
18670		0.825465
18680		0.825396
18690		0.825340
18700		0.825252
18710		0.825181
18720		0.825171
18730		0.825102
18740		0.825041
18750		0.824987
18760		0.824957
18770		0.824885
18780		0.824860
18790		0.824801
18800		0.824728
18810		0.824638
18820		0.824636
18830		0.824554
18840		0.824509
18850		0.824476
18860		0.824410
18870		0.824349
18880		0.824261
18890		0.824212
18900		0.824144
18910		0.824097
18920		0.824027
18930		0.823983
18940		0.823895
18950		0.823842
18960		0.823775
18970		0.823688
18980		0.823602
18990		0.823545
19000		0.823479
19010		0.823424
19020		0.823406
19030		0.823321
19040		0.823272
19050		0.823206
19060		0.823162
19070		0.823082
19080		0.823031
19090		0.822963
19100		0.822920
19110		0.822903
19120		0.822846
19130		0.822773
19140		0.822708
19150		0.822636
19160		0.822526
19170		0.822457
19180		0.822378
19190		0.822270
19200		0.822150
19210		0.822103
19220		0.822031
19230		0.821954
19240		0.821922
19250		0.821856
19260		0.821825
19270		0.821792
19280		0.821744
19290		0.821661
19300		0.821571
19310		0.821520
19320		0.821426
19330		0.821335
19340		0.821251
19350		0.821150
19360		0.821052
19370		0.820961
19380		0.820884
19390		0.820806
19400		0.820745
19410		0.820681
19420		0.820645
19430		0.820563
19440		0.820542
19450		0.820529
19460		0.820461
19470		0.820466
19480		0.820424
19490		0.820377
19500		0.820374
19510		0.820369
19520		0.820337
19530		0.820338
19540		0.820303
19550		0.820282
19560		0.820262
19570		0.820239
19580		0.820171
19590		0.820138
19600		0.820108
19610		0.820044
19620		0.820015
19630		0.819957
19640		0.819910
19650		0.819831
19660		0.819760
19670		0.819683
19680		0.819599
19690		0.819525
19700		0.819421
19710		0.819321
19720		0.819246
19730		0.819165
19740		0.819095
19750		0.819044
19760		0.819026
19770		0.818967
19780		0.818918
19790		0.818868
19800		0.818841
19810		0.818807
19820		0.818759
19830		0.818706
19840		0.818674
19850		0.818629
19860		0.818547
19870		0.818523
19880		0.818450
19890		0.818418
19900		0.818384
19910		0.818338
19920		0.818283
19930		0.818212
19940		0.818154
19950		0.818077
19960		0.818036
19970		0.817966
19980		0.817911
19990		0.817890
