k		corr_k
0		1.000000
10		0.984626
20		0.969561
30		0.954466
40		0.939526
50		0.924951
60		0.910748
70		0.896980
80		0.883535
90		0.870411
100		0.857545
110		0.844796
120		0.832260
130		0.819942
140		0.807767
150		0.795837
160		0.784212
170		0.772975
180		0.761986
190		0.751175
200		0.740594
210		0.730339
220		0.720233
230		0.710261
240		0.700371
250		0.690764
260		0.681347
270		0.672128
280		0.663047
290		0.654077
300		0.645505
310		0.637086
320		0.628759
330		0.620591
340		0.612575
350		0.604651
360		0.596793
370		0.588988
380		0.581325
390		0.573973
400		0.566626
410		0.559260
420		0.551941
430		0.544821
440		0.537862
450		0.531125
460		0.524619
470		0.518238
480		0.511885
490		0.505621
500		0.499469
510		0.493459
520		0.487551
530		0.481785
540		0.476036
550		0.470184
560		0.464417
570		0.458782
580		0.453199
590		0.447718
600		0.442194
610		0.436596
620		0.431081
630		0.425607
640		0.420162
650		0.414857
660		0.409578
670		0.404388
680		0.399385
690		0.394482
700		0.389748
710		0.385085
720		0.380328
730		0.375568
740		0.370788
750		0.365914
760		0.361124
770		0.356353
780		0.351634
790		0.347066
800		0.342654
810		0.338377
820		0.334161
830		0.330101
840		0.326085
850		0.322072
860		0.318018
870		0.314007
880		0.309919
890		0.305905
900		0.301869
910		0.297906
920		0.293991
930		0.290112
940		0.286153
950		0.282211
960		0.278432
970		0.274777
980		0.271234
990		0.267670
1000		0.264120
1010		0.260751
1020		0.257402
1030		0.254139
1040		0.250893
1050		0.247670
1060		0.244440
1070		0.241250
1080		0.238118
1090		0.234999
1100		0.231991
1110		0.229011
1120		0.226009
1130		0.223243
1140		0.220578
1150		0.217970
1160		0.215378
1170		0.212778
1180		0.210094
1190		0.207443
1200		0.204804
1210		0.202231
1220		0.199780
1230		0.197476
1240		0.195284
1250		0.193143
1260		0.190991
1270		0.188872
1280		0.186701
1290		0.184524
1300		0.182472
1310		0.180463
1320		0.178697
1330		0.177067
1340		0.175426
1350		0.173783
1360		0.172142
1370		0.170562
1380		0.169054
1390		0.167589
1400		0.166143
1410		0.164700
1420		0.163295
1430		0.161907
1440		0.160603
1450		0.159294
1460		0.158001
1470		0.156626
1480		0.155238
1490		0.153784
1500		0.152308
1510		0.150814
1520		0.149464
1530		0.148183
1540		0.146804
1550		0.145402
1560		0.144009
1570		0.142626
1580		0.141313
1590		0.140019
1600		0.138698
1610		0.137504
1620		0.136408
1630		0.135335
1640		0.134260
1650		0.133187
1660		0.132048
1670		0.130855
1680		0.129665
1690		0.128504
1700		0.127414
1710		0.126322
1720		0.125283
1730		0.124149
1740		0.123107
1750		0.122075
1760		0.121008
1770		0.119877
1780		0.118802
1790		0.117741
1800		0.116679
1810		0.115666
1820		0.114597
1830		0.113300
1840		0.111993
1850		0.110580
1860		0.109278
1870		0.108033
1880		0.106774
1890		0.105501
1900		0.104152
1910		0.102814
1920		0.101516
1930		0.100380
1940		0.099361
1950		0.098474
1960		0.097611
1970		0.096803
1980		0.096006
1990		0.095251
2000		0.094586
2010		0.093967
2020		0.093345
2030		0.092820
2040		0.092381
2050		0.091923
2060		0.091532
2070		0.091010
2080		0.090436
2090		0.089810
2100		0.089193
2110		0.088448
2120		0.087694
2130		0.087007
2140		0.086337
2150		0.085821
2160		0.085317
2170		0.084799
2180		0.084329
2190		0.083801
2200		0.083292
2210		0.082686
2220		0.082137
2230		0.081534
2240		0.080886
2250		0.080290
2260		0.079730
2270		0.079275
2280		0.078834
2290		0.078389
2300		0.077989
2310		0.077618
2320		0.077242
2330		0.076974
2340		0.076686
2350		0.076271
2360		0.075905
2370		0.075419
2380		0.074910
2390		0.074430
2400		0.074020
2410		0.073707
2420		0.073416
2430		0.073201
2440		0.072982
2450		0.072721
2460		0.072453
2470		0.072132
2480		0.071717
2490		0.071256
2500		0.070822
2510		0.070345
2520		0.069869
2530		0.069347
2540		0.069011
2550		0.068760
2560		0.068507
2570		0.068282
2580		0.068055
2590		0.067901
2600		0.067728
2610		0.067405
2620		0.067121
2630		0.066919
2640		0.066667
2650		0.066447
2660		0.066217
2670		0.066043
2680		0.065921
2690		0.065839
2700		0.065672
2710		0.065460
2720		0.065266
2730		0.064992
2740		0.064729
2750		0.064459
2760		0.064196
2770		0.064052
2780		0.063881
2790		0.063651
2800		0.063380
2810		0.063100
2820		0.062777
2830		0.062398
2840		0.061999
2850		0.061565
2860		0.061033
2870		0.060376
2880		0.059671
2890		0.059039
2900		0.058514
2910		0.058069
2920		0.057632
2930		0.057345
2940		0.057138
2950		0.056778
2960		0.056496
2970		0.056182
2980		0.055988
2990		0.055695
3000		0.055390
3010		0.055024
3020		0.054687
3030		0.054444
3040		0.054192
3050		0.053946
3060		0.053739
3070		0.053664
3080		0.053534
3090		0.053289
3100		0.053077
3110		0.052818
3120		0.052645
3130		0.052637
3140		0.052523
3150		0.052317
3160		0.052052
3170		0.051800
3180		0.051527
3190		0.051171
3200		0.050860
3210		0.050517
3220		0.050076
3230		0.049809
3240		0.049648
3250		0.049450
3260		0.049260
3270		0.049006
3280		0.048626
3290		0.048086
3300		0.047527
3310		0.047022
3320		0.046635
3330		0.046328
3340		0.046118
3350		0.045982
3360		0.045833
3370		0.045589
3380		0.045349
3390		0.045035
3400		0.044733
3410		0.044374
3420		0.043994
3430		0.043621
3440		0.043200
3450		0.042702
3460		0.042092
3470		0.041506
3480		0.040939
3490		0.040341
3500		0.039833
3510		0.039234
3520		0.038574
3530		0.037926
3540		0.037332
3550		0.036771
3560		0.036335
3570		0.035913
3580		0.035451
3590		0.034963
3600		0.034566
3610		0.034076
3620		0.033533
3630		0.032889
3640		0.032147
3650		0.031359
3660		0.030476
3670		0.029604
3680		0.028838
3690		0.028211
3700		0.027742
3710		0.027217
3720		0.026728
3730		0.026298
3740		0.025853
3750		0.025383
3760		0.024882
3770		0.024402
3780		0.023964
3790		0.023584
3800		0.023224
3810		0.022822
3820		0.022424
3830		0.021875
3840		0.021172
3850		0.020492
3860		0.019954
3870		0.019422
3880		0.019007
3890		0.018624
3900		0.018199
3910		0.017679
3920		0.017124
3930		0.016651
3940		0.016227
3950		0.015795
3960		0.015429
3970		0.015041
3980		0.014635
3990		0.014242
4000		0.013812
4010		0.013359
4020		0.012884
4030		0.012392
4040		0.011829
4050		0.011221
4060		0.010504
4070		0.009734
4080		0.008936
4090		0.008153
4100		0.007370
4110		0.006713
4120		0.006205
4130		0.005758
4140		0.005194
4150		0.004447
4160		0.003534
4170		0.002629
4180		0.001778
4190		0.001008
4200		0.000201
4210		-0.000642
4220		-0.001628
4230		-0.002619
4240		-0.003578
4250		-0.004547
4260		-0.005501
4270		-0.006464
4280		-0.007347
4290		-0.008085
4300		-0.008781
4310		-0.009460
4320		-0.010264
4330		-0.011263
4340		-0.012351
4350		-0.013328
4360		-0.014392
4370		-0.015338
4380		-0.016316
4390		-0.017319
4400		-0.018306
4410		-0.019241
4420		-0.020006
4430		-0.020685
4440		-0.021291
4450		-0.021937
4460		-0.022519
4470		-0.023126
4480		-0.023612
4490		-0.024132
4500		-0.024674
4510		-0.025220
4520		-0.025710
4530		-0.026198
4540		-0.026640
4550		-0.027121
4560		-0.027659
4570		-0.028287
4580		-0.028887
4590		-0.029501
4600		-0.030132
4610		-0.030727
4620		-0.031214
4630		-0.031608
4640		-0.031933
4650		-0.032172
4660		-0.032377
4670		-0.032532
4680		-0.032707
4690		-0.032793
4700		-0.032797
4710		-0.032818
4720		-0.032789
4730		-0.032795
4740		-0.032722
4750		-0.032676
4760		-0.032685
4770		-0.032664
4780		-0.032694
4790		-0.032687
4800		-0.032666
4810		-0.032640
4820		-0.032637
4830		-0.032608
4840		-0.032448
4850		-0.032348
4860		-0.032304
4870		-0.032242
4880		-0.032145
4890		-0.032072
4900		-0.032010
4910		-0.031987
4920		-0.032025
4930		-0.032189
4940		-0.032362
4950		-0.032383
4960		-0.032325
4970		-0.032330
4980		-0.032452
4990		-0.032638
5000		-0.032801
5010		-0.033031
5020		-0.033257
5030		-0.033337
5040		-0.033359
5050		-0.033201
5060		-0.033001
5070		-0.032987
5080		-0.033046
5090		-0.033131
5100		-0.033222
5110		-0.033380
5120		-0.033511
5130		-0.033587
5140		-0.033671
5150		-0.033929
5160		-0.034187
5170		-0.034486
5180		-0.034713
5190		-0.034818
5200		-0.034870
5210		-0.034922
5220		-0.034993
5230		-0.034997
5240		-0.035049
5250		-0.035119
5260		-0.035189
5270		-0.035202
5280		-0.035280
5290		-0.035268
5300		-0.035107
5310		-0.034929
5320		-0.034669
5330		-0.034400
5340		-0.034201
5350		-0.034081
5360		-0.034095
5370		-0.034270
5380		-0.034454
5390		-0.034713
5400		-0.034919
5410		-0.035123
5420		-0.035514
5430		-0.035986
5440		-0.036433
5450		-0.036794
5460		-0.037212
5470		-0.037665
5480		-0.038045
5490		-0.038422
5500		-0.038690
5510		-0.038790
5520		-0.038862
5530		-0.038967
5540		-0.039080
5550		-0.039153
5560		-0.039217
5570		-0.039283
5580		-0.039526
5590		-0.039745
5600		-0.040050
5610		-0.040148
5620		-0.040182
5630		-0.040199
5640		-0.040195
5650		-0.040282
5660		-0.040448
5670		-0.040699
5680		-0.040840
5690		-0.041001
5700		-0.041183
5710		-0.041418
5720		-0.041575
5730		-0.041706
5740		-0.041778
5750		-0.041733
5760		-0.041547
5770		-0.041318
5780		-0.041024
5790		-0.040677
5800		-0.040323
5810		-0.040037
5820		-0.039710
5830		-0.039412
5840		-0.039130
5850		-0.038899
5860		-0.038812
5870		-0.038798
5880		-0.038806
5890		-0.038750
5900		-0.038759
5910		-0.038774
5920		-0.038881
5930		-0.038909
5940		-0.038886
5950		-0.038875
5960		-0.038869
5970		-0.038635
5980		-0.038380
5990		-0.038092
6000		-0.037738
6010		-0.037435
6020		-0.037119
6030		-0.036940
6040		-0.036776
6050		-0.036607
6060		-0.036472
6070		-0.036319
6080		-0.036160
6090		-0.035801
6100		-0.035410
6110		-0.035023
6120		-0.034776
6130		-0.034703
6140		-0.034685
6150		-0.034655
6160		-0.034645
6170		-0.034544
6180		-0.034377
6190		-0.034315
6200		-0.034069
6210		-0.033772
6220		-0.033495
6230		-0.033256
6240		-0.033112
6250		-0.032954
6260		-0.032766
6270		-0.032615
6280		-0.032446
6290		-0.032189
6300		-0.031873
6310		-0.031570
6320		-0.031335
6330		-0.031115
6340		-0.030859
6350		-0.030484
6360		-0.030184
6370		-0.029976
6380		-0.029720
6390		-0.029489
6400		-0.029373
6410		-0.029111
6420		-0.028826
6430		-0.028537
6440		-0.028211
6450		-0.027942
6460		-0.027766
6470		-0.027572
6480		-0.027332
6490		-0.027069
6500		-0.026813
6510		-0.026579
6520		-0.026267
6530		-0.025899
6540		-0.025470
6550		-0.025001
6560		-0.024336
6570		-0.023664
6580		-0.023091
6590		-0.022612
6600		-0.022119
6610		-0.021661
6620		-0.021278
6630		-0.020884
6640		-0.020553
6650		-0.020127
6660		-0.019632
6670		-0.019251
6680		-0.018890
6690		-0.018545
6700		-0.018095
6710		-0.017648
6720		-0.017156
6730		-0.016694
6740		-0.016200
6750		-0.015781
6760		-0.015500
6770		-0.015228
6780		-0.014963
6790		-0.014735
6800		-0.014495
6810		-0.014292
6820		-0.013913
6830		-0.013377
6840		-0.012861
6850		-0.012331
6860		-0.011747
6870		-0.011124
6880		-0.010550
6890		-0.010043
6900		-0.009581
6910		-0.009121
6920		-0.008706
6930		-0.008446
6940		-0.008165
6950		-0.007896
6960		-0.007518
6970		-0.006996
6980		-0.006537
6990		-0.006112
7000		-0.005711
7010		-0.005222
7020		-0.004842
7030		-0.004542
7040		-0.004258
7050		-0.004091
7060		-0.003991
7070		-0.003899
7080		-0.003692
7090		-0.003502
7100		-0.003276
7110		-0.003002
7120		-0.002606
7130		-0.002084
7140		-0.001469
7150		-0.000847
7160		-0.000268
7170		0.000467
7180		0.001311
7190		0.002156
7200		0.002753
7210		0.003255
7220		0.003651
7230		0.004036
7240		0.004491
7250		0.004852
7260		0.005155
7270		0.005386
7280		0.005668
7290		0.005964
7300		0.006240
7310		0.006550
7320		0.006790
7330		0.007061
7340		0.007383
7350		0.007587
7360		0.007844
7370		0.008016
7380		0.008165
7390		0.008443
7400		0.008748
7410		0.009024
7420		0.009317
7430		0.009606
7440		0.009882
7450		0.010327
7460		0.010820
7470		0.011302
7480		0.011754
7490		0.012087
7500		0.012383
7510		0.012639
7520		0.012888
7530		0.013008
7540		0.013020
7550		0.013096
7560		0.013251
7570		0.013430
7580		0.013601
7590		0.013746
7600		0.013944
7610		0.014163
7620		0.014306
7630		0.014538
7640		0.014795
7650		0.014894
7660		0.015118
7670		0.015415
7680		0.015642
7690		0.015781
7700		0.015932
7710		0.016030
7720		0.016083
7730		0.016092
7740		0.016196
7750		0.016301
7760		0.016393
7770		0.016456
7780		0.016563
7790		0.016660
7800		0.016730
7810		0.016971
7820		0.017398
7830		0.017823
7840		0.018261
7850		0.018755
7860		0.019403
7870		0.020052
7880		0.020716
7890		0.021383
7900		0.022044
7910		0.022618
7920		0.023199
7930		0.023857
7940		0.024517
7950		0.025066
7960		0.025552
7970		0.026110
7980		0.026639
7990		0.027184
8000		0.027699
8010		0.028216
8020		0.028691
8030		0.029106
8040		0.029534
8050		0.030068
8060		0.030525
8070		0.030955
8080		0.031342
8090		0.031719
8100		0.032069
8110		0.032376
8120		0.032665
8130		0.032873
8140		0.033132
8150		0.033455
8160		0.033783
8170		0.034111
8180		0.034405
8190		0.034661
8200		0.034907
8210		0.035117
8220		0.035444
8230		0.035782
8240		0.036120
8250		0.036532
8260		0.036898
8270		0.037321
8280		0.037679
8290		0.038059
8300		0.038453
8310		0.038932
8320		0.039390
8330		0.039818
8340		0.040261
8350		0.040753
8360		0.041221
8370		0.041667
8380		0.042070
8390		0.042404
8400		0.042747
8410		0.043041
8420		0.043214
8430		0.043361
8440		0.043464
8450		0.043550
8460		0.043627
8470		0.043744
8480		0.043940
8490		0.044033
8500		0.044261
8510		0.044585
8520		0.044903
8530		0.045239
8540		0.045414
8550		0.045528
8560		0.045640
8570		0.045734
8580		0.045951
8590		0.046131
8600		0.046318
8610		0.046434
8620		0.046527
8630		0.046491
8640		0.046369
8650		0.046165
8660		0.046018
8670		0.046085
8680		0.046367
8690		0.046726
8700		0.046926
8710		0.047005
8720		0.046914
8730		0.046659
8740		0.046250
8750		0.046038
8760		0.045965
8770		0.045920
8780		0.045916
8790		0.045883
8800		0.045815
8810		0.045685
8820		0.045420
8830		0.045089
8840		0.044774
8850		0.044479
8860		0.044155
8870		0.043845
8880		0.043508
8890		0.043206
8900		0.042904
8910		0.042493
8920		0.041963
8930		0.041359
8940		0.040839
8950		0.040392
8960		0.039859
8970		0.039288
8980		0.038727
8990		0.038168
9000		0.037471
9010		0.036863
9020		0.036267
9030		0.035709
9040		0.035168
9050		0.034605
9060		0.033938
9070		0.033392
9080		0.032801
9090		0.032102
9100		0.031434
9110		0.030740
9120		0.029956
9130		0.029167
9140		0.028512
9150		0.027847
9160		0.027232
9170		0.026543
9180		0.025908
9190		0.025287
9200		0.024678
9210		0.023982
9220		0.023192
9230		0.022392
9240		0.021635
9250		0.020926
9260		0.020251
9270		0.019549
9280		0.018737
9290		0.017995
9300		0.017390
9310		0.016878
9320		0.016447
9330		0.015893
9340		0.015288
9350		0.014708
9360		0.014148
9370		0.013663
9380		0.013252
9390		0.012892
9400		0.012600
9410		0.012413
9420		0.012335
9430		0.012175
9440		0.011949
9450		0.011824
9460		0.011873
9470		0.012008
9480		0.012240
9490		0.012563
9500		0.012912
9510		0.013286
9520		0.013659
9530		0.014044
9540		0.014433
9550		0.014780
9560		0.015089
9570		0.015468
9580		0.015964
9590		0.016369
9600		0.016775
9610		0.017191
9620		0.017612
9630		0.018067
9640		0.018528
9650		0.018912
9660		0.019312
9670		0.019770
9680		0.020242
9690		0.020676
9700		0.021176
9710		0.021773
9720		0.022307
9730		0.022941
9740		0.023508
9750		0.023971
9760		0.024434
9770		0.024872
9780		0.025307
9790		0.025797
9800		0.026240
9810		0.026570
9820		0.026805
9830		0.026991
9840		0.027095
9850		0.027272
9860		0.027427
9870		0.027584
9880		0.027871
9890		0.028227
9900		0.028629
9910		0.029069
9920		0.029527
9930		0.029979
9940		0.030431
9950		0.030787
9960		0.030934
9970		0.030919
9980		0.030921
9990		0.030912
10000		0.030961
10010		0.031082
10020		0.031273
10030		0.031527
10040		0.031802
10050		0.032019
10060		0.032198
10070		0.032377
10080		0.032603
10090		0.032871
10100		0.033117
10110		0.033271
10120		0.033465
10130		0.033734
10140		0.034102
10150		0.034420
10160		0.034717
10170		0.034951
10180		0.034950
10190		0.034858
10200		0.034663
10210		0.034508
10220		0.034327
10230		0.034142
10240		0.033817
10250		0.033590
10260		0.033355
10270		0.033208
10280		0.033123
10290		0.032968
10300		0.032917
10310		0.032792
10320		0.032604
10330		0.032416
10340		0.032269
10350		0.032172
10360		0.032124
10370		0.032104
10380		0.031981
10390		0.031905
10400		0.031731
10410		0.031484
10420		0.031249
10430		0.031216
10440		0.031191
10450		0.031097
10460		0.031021
10470		0.030889
10480		0.030704
10490		0.030445
10500		0.030042
10510		0.029603
10520		0.029063
10530		0.028492
10540		0.027884
10550		0.027199
10560		0.026512
10570		0.025903
10580		0.025227
10590		0.024562
10600		0.023924
10610		0.023281
10620		0.022578
10630		0.021886
10640		0.021294
10650		0.020848
10660		0.020626
10670		0.020401
10680		0.020191
10690		0.019836
10700		0.019406
10710		0.018977
10720		0.018593
10730		0.018186
10740		0.017953
10750		0.017702
10760		0.017370
10770		0.017079
10780		0.016762
10790		0.016434
10800		0.016004
10810		0.015516
10820		0.014997
10830		0.014576
10840		0.014355
10850		0.014269
10860		0.014332
10870		0.014433
10880		0.014432
10890		0.014491
10900		0.014399
10910		0.014254
10920		0.014031
10930		0.013717
10940		0.013492
10950		0.013247
10960		0.013109
10970		0.012922
10980		0.012664
10990		0.012467
11000		0.012243
11010		0.012102
11020		0.011985
11030		0.011825
11040		0.011551
11050		0.011277
11060		0.010992
11070		0.010781
11080		0.010503
11090		0.010229
11100		0.009884
11110		0.009648
11120		0.009392
11130		0.009126
11140		0.008864
11150		0.008707
11160		0.008564
11170		0.008360
11180		0.008105
11190		0.007856
11200		0.007691
11210		0.007532
11220		0.007314
11230		0.006969
11240		0.006586
11250		0.006111
11260		0.005607
11270		0.005174
11280		0.004889
11290		0.004753
11300		0.004572
11310		0.004365
11320		0.004155
11330		0.004027
11340		0.003958
11350		0.003926
11360		0.004029
11370		0.004079
11380		0.004232
11390		0.004383
11400		0.004639
11410		0.004858
11420		0.004947
11430		0.005065
11440		0.005241
11450		0.005388
11460		0.005425
11470		0.005514
11480		0.005537
11490		0.005615
11500		0.005793
11510		0.006035
11520		0.006180
11530		0.006383
11540		0.006577
11550		0.006799
11560		0.007021
11570		0.007350
11580		0.007663
11590		0.007845
11600		0.008032
11610		0.008124
11620		0.008146
11630		0.008154
11640		0.008173
11650		0.008124
11660		0.007877
11670		0.007608
11680		0.007407
11690		0.007272
11700		0.007065
11710		0.006897
11720		0.006656
11730		0.006348
11740		0.005973
11750		0.005605
11760		0.005289
11770		0.004867
11780		0.004371
11790		0.003854
11800		0.003288
11810		0.002654
11820		0.002097
11830		0.001590
11840		0.001015
11850		0.000315
11860		-0.000221
11870		-0.000658
11880		-0.000881
11890		-0.001020
11900		-0.001228
11910		-0.001504
11920		-0.001701
11930		-0.001795
11940		-0.001848
11950		-0.001918
11960		-0.001913
11970		-0.001884
11980		-0.002036
11990		-0.002267
12000		-0.002541
12010		-0.002843
12020		-0.003108
12030		-0.003488
12040		-0.003877
12050		-0.004251
12060		-0.004671
12070		-0.005252
12080		-0.005778
12090		-0.006276
12100		-0.006796
12110		-0.007226
12120		-0.007651
12130		-0.008105
12140		-0.008491
12150		-0.008953
12160		-0.009475
12170		-0.010054
12180		-0.010574
12190		-0.010987
12200		-0.011246
12210		-0.011448
12220		-0.011513
12230		-0.011521
12240		-0.011586
12250		-0.011702
12260		-0.011763
12270		-0.011892
12280		-0.012125
12290		-0.012420
12300		-0.012603
12310		-0.012754
12320		-0.012946
12330		-0.013049
12340		-0.012968
12350		-0.012964
12360		-0.013002
12370		-0.013053
12380		-0.013197
12390		-0.013378
12400		-0.013684
12410		-0.013992
12420		-0.014205
12430		-0.014398
12440		-0.014515
12450		-0.014584
12460		-0.014629
12470		-0.014691
12480		-0.014758
12490		-0.014930
12500		-0.015235
12510		-0.015686
12520		-0.016204
12530		-0.016846
12540		-0.017501
12550		-0.018002
12560		-0.018484
12570		-0.018871
12580		-0.019045
12590		-0.019191
12600		-0.019477
12610		-0.019835
12620		-0.020206
12630		-0.020510
12640		-0.020820
12650		-0.021128
12660		-0.021457
12670		-0.021828
12680		-0.022252
12690		-0.022738
12700		-0.023264
12710		-0.023831
12720		-0.024259
12730		-0.024578
12740		-0.024921
12750		-0.025346
12760		-0.025816
12770		-0.026294
12780		-0.026841
12790		-0.027323
12800		-0.027761
12810		-0.028279
12820		-0.028821
12830		-0.029368
12840		-0.029899
12850		-0.030403
12860		-0.030967
12870		-0.031636
12880		-0.032291
12890		-0.032965
12900		-0.033574
12910		-0.034130
12920		-0.034695
12930		-0.035098
12940		-0.035383
12950		-0.035690
12960		-0.035940
12970		-0.036187
12980		-0.036413
12990		-0.036741
13000		-0.037126
13010		-0.037575
13020		-0.037910
13030		-0.038254
13040		-0.038576
13050		-0.038879
13060		-0.039076
13070		-0.039225
13080		-0.039336
13090		-0.039624
13100		-0.039876
13110		-0.040168
13120		-0.040578
13130		-0.041001
13140		-0.041488
13150		-0.042020
13160		-0.042464
13170		-0.043019
13180		-0.043579
13190		-0.044188
13200		-0.044636
13210		-0.045107
13220		-0.045588
13230		-0.045954
13240		-0.046201
13250		-0.046462
13260		-0.046689
13270		-0.046774
13280		-0.046795
13290		-0.046655
13300		-0.046499
13310		-0.046280
13320		-0.046107
13330		-0.045792
13340		-0.045512
13350		-0.045246
13360		-0.044914
13370		-0.044473
13380		-0.043926
13390		-0.043262
13400		-0.042550
13410		-0.041916
13420		-0.041469
13430		-0.041181
13440		-0.040906
13450		-0.040698
13460		-0.040524
13470		-0.040424
13480		-0.040386
13490		-0.040314
13500		-0.040120
13510		-0.039817
13520		-0.039494
13530		-0.039263
13540		-0.039063
13550		-0.038899
13560		-0.038782
13570		-0.038634
13580		-0.038653
13590		-0.038807
13600		-0.039025
13610		-0.039291
13620		-0.039565
13630		-0.039977
13640		-0.040349
13650		-0.040619
13660		-0.040779
13670		-0.040855
13680		-0.040852
13690		-0.040796
13700		-0.040846
13710		-0.040707
13720		-0.040559
13730		-0.040442
13740		-0.040474
13750		-0.040655
13760		-0.040830
13770		-0.040927
13780		-0.041042
13790		-0.041145
13800		-0.041239
13810		-0.041318
13820		-0.041455
13830		-0.041652
13840		-0.041852
13850		-0.041976
13860		-0.042106
13870		-0.042227
13880		-0.042487
13890		-0.042896
13900		-0.043363
13910		-0.043876
13920		-0.044370
13930		-0.044728
13940		-0.045009
13950		-0.045198
13960		-0.045354
13970		-0.045471
13980		-0.045460
13990		-0.045375
14000		-0.045222
14010		-0.045035
14020		-0.044794
14030		-0.044568
14040		-0.044332
14050		-0.044137
14060		-0.044007
14070		-0.043788
14080		-0.043508
14090		-0.043051
14100		-0.042600
14110		-0.042136
14120		-0.041716
14130		-0.041259
14140		-0.040707
14150		-0.040191
14160		-0.039660
14170		-0.039245
14180		-0.038888
14190		-0.038412
14200		-0.038047
14210		-0.037842
14220		-0.037623
14230		-0.037447
14240		-0.037343
14250		-0.037300
14260		-0.037237
14270		-0.037235
14280		-0.037218
14290		-0.037252
14300		-0.037293
14310		-0.037367
14320		-0.037402
14330		-0.037417
14340		-0.037438
14350		-0.037348
14360		-0.037189
14370		-0.037015
14380		-0.036703
14390		-0.036249
14400		-0.035779
14410		-0.035296
14420		-0.034852
14430		-0.034423
14440		-0.033991
14450		-0.033548
14460		-0.033153
14470		-0.032765
14480		-0.032459
14490		-0.032018
14500		-0.031558
14510		-0.031159
14520		-0.030923
14530		-0.030747
14540		-0.030578
14550		-0.030350
14560		-0.030160
14570		-0.030017
14580		-0.029892
14590		-0.029802
14600		-0.029887
14610		-0.030083
14620		-0.030219
14630		-0.030257
14640		-0.030217
14650		-0.030176
14660		-0.030030
14670		-0.029935
14680		-0.029940
14690		-0.029943
14700		-0.029814
14710		-0.029602
14720		-0.029501
14730		-0.029535
14740		-0.029563
14750		-0.029608
14760		-0.029668
14770		-0.029767
14780		-0.030042
14790		-0.030349
14800		-0.030805
14810		-0.031307
14820		-0.031732
14830		-0.032157
14840		-0.032520
14850		-0.032748
14860		-0.032890
14870		-0.033107
14880		-0.033312
14890		-0.033445
14900		-0.033490
14910		-0.033510
14920		-0.033377
14930		-0.033145
14940		-0.032818
14950		-0.032457
14960		-0.031994
14970		-0.031568
14980		-0.031247
14990		-0.030981
15000		-0.030663
15010		-0.030324
15020		-0.029989
15030		-0.029785
15040		-0.029560
15050		-0.029403
15060		-0.029145
15070		-0.028911
15080		-0.028689
15090		-0.028435
15100		-0.028083
15110		-0.027659
15120		-0.027287
15130		-0.026911
15140		-0.026530
15150		-0.026284
15160		-0.025994
15170		-0.025759
15180		-0.025494
15190		-0.025242
15200		-0.025094
15210		-0.024858
15220		-0.024681
15230		-0.024551
15240		-0.024312
15250		-0.023991
15260		-0.023671
15270		-0.023405
15280		-0.023070
15290		-0.022710
15300		-0.022295
15310		-0.021871
15320		-0.021503
15330		-0.021132
15340		-0.020620
15350		-0.020213
15360		-0.019882
15370		-0.019582
15380		-0.019319
15390		-0.019081
15400		-0.018849
15410		-0.018625
15420		-0.018475
15430		-0.018225
15440		-0.018018
15450		-0.017911
15460		-0.017779
15470		-0.017704
15480		-0.017742
15490		-0.017580
15500		-0.017461
15510		-0.017264
15520		-0.017029
15530		-0.016728
15540		-0.016360
15550		-0.015831
15560		-0.015122
15570		-0.014481
15580		-0.013850
15590		-0.013359
15600		-0.012985
15610		-0.012707
15620		-0.012565
15630		-0.012328
15640		-0.012090
15650		-0.011867
15660		-0.011808
15670		-0.011748
15680		-0.011680
15690		-0.011567
15700		-0.011516
15710		-0.011503
15720		-0.011520
15730		-0.011516
15740		-0.011569
15750		-0.011555
15760		-0.011486
15770		-0.011501
15780		-0.011517
15790		-0.011662
15800		-0.011780
15810		-0.011892
15820		-0.011937
15830		-0.012035
15840		-0.012199
15850		-0.012438
15860		-0.012696
15870		-0.013012
15880		-0.013347
15890		-0.013692
15900		-0.014046
15910		-0.014278
15920		-0.014454
15930		-0.014588
15940		-0.014735
15950		-0.014841
15960		-0.014964
15970		-0.015208
15980		-0.015516
15990		-0.015848
16000		-0.016310
16010		-0.016825
16020		-0.017355
16030		-0.017905
16040		-0.018508
16050		-0.019039
16060		-0.019468
16070		-0.019821
16080		-0.020116
16090		-0.020486
16100		-0.020910
16110		-0.021448
16120		-0.022070
16130		-0.022599
16140		-0.023034
16150		-0.023475
16160		-0.023891
16170		-0.024174
16180		-0.024404
16190		-0.024636
16200		-0.024914
16210		-0.025176
16220		-0.025413
16230		-0.025760
16240		-0.026126
16250		-0.026548
16260		-0.027084
16270		-0.027562
16280		-0.027933
16290		-0.028171
16300		-0.028502
16310		-0.028606
16320		-0.028606
16330		-0.028714
16340		-0.028815
16350		-0.028930
16360		-0.029112
16370		-0.029347
16380		-0.029413
16390		-0.029443
16400		-0.029422
16410		-0.029357
16420		-0.029256
16430		-0.029226
16440		-0.029243
16450		-0.029179
16460		-0.029060
16470		-0.028873
16480		-0.028725
16490		-0.028512
16500		-0.028195
16510		-0.027821
16520		-0.027530
16530		-0.027211
16540		-0.026865
16550		-0.026390
16560		-0.025994
16570		-0.025754
16580		-0.025715
16590		-0.025755
16600		-0.025749
16610		-0.025769
16620		-0.025867
16630		-0.025846
16640		-0.025836
16650		-0.025735
16660		-0.025639
16670		-0.025618
16680		-0.025583
16690		-0.025567
16700		-0.025479
16710		-0.025280
16720		-0.025059
16730		-0.024852
16740		-0.024692
16750		-0.024627
16760		-0.024579
16770		-0.024418
16780		-0.024047
16790		-0.023503
16800		-0.022975
16810		-0.022470
16820		-0.021965
16830		-0.021547
16840		-0.021125
16850		-0.020653
16860		-0.020228
16870		-0.019939
16880		-0.019602
16890		-0.019218
16900		-0.018714
16910		-0.018185
16920		-0.017590
16930		-0.017046
16940		-0.016397
16950		-0.015703
16960		-0.014877
16970		-0.013917
16980		-0.012968
16990		-0.012188
17000		-0.011540
17010		-0.010871
17020		-0.010243
17030		-0.009577
17040		-0.008913
17050		-0.008306
17060		-0.007640
17070		-0.007055
17080		-0.006465
17090		-0.005974
17100		-0.005489
17110		-0.005160
17120		-0.004949
17130		-0.004803
17140		-0.004624
17150		-0.004455
17160		-0.004353
17170		-0.004216
17180		-0.004004
17190		-0.003796
17200		-0.003583
17210		-0.003394
17220		-0.003120
17230		-0.002852
17240		-0.002515
17250		-0.002311
17260		-0.002108
17270		-0.001659
17280		-0.001144
17290		-0.000646
17300		-0.000189
17310		0.000276
17320		0.000570
17330		0.000870
17340		0.001159
17350		0.001562
17360		0.001917
17370		0.002377
17380		0.002925
17390		0.003451
17400		0.004023
17410		0.004490
17420		0.004923
17430		0.005283
17440		0.005600
17450		0.005730
17460		0.005717
17470		0.005589
17480		0.005488
17490		0.005496
17500		0.005593
17510		0.005770
17520		0.006014
17530		0.006221
17540		0.006571
17550		0.006931
17560		0.007241
17570		0.007485
17580		0.007686
17590		0.007871
17600		0.008139
17610		0.008500
17620		0.008893
17630		0.009169
17640		0.009479
17650		0.009706
17660		0.009853
17670		0.009978
17680		0.010099
17690		0.010180
17700		0.010312
17710		0.010511
17720		0.010683
17730		0.010939
17740		0.011269
17750		0.011629
17760		0.011885
17770		0.012242
17780		0.012619
17790		0.013020
17800		0.013385
17810		0.013831
17820		0.014334
17830		0.014774
17840		0.015177
17850		0.015538
17860		0.015813
17870		0.015918
17880		0.016016
17890		0.016069
17900		0.016032
17910		0.015971
17920		0.015932
17930		0.015807
17940		0.015649
17950		0.015556
17960		0.015476
17970		0.015251
17980		0.015043
17990		0.014818
18000		0.014623
18010		0.014472
18020		0.014308
18030		0.014403
18040		0.014558
18050		0.014773
18060		0.014979
18070		0.015184
18080		0.015475
18090		0.015640
18100		0.015843
18110		0.016167
18120		0.016452
18130		0.016672
18140		0.016846
18150		0.016934
18160		0.017059
18170		0.017069
18180		0.017069
18190		0.016977
18200		0.016759
18210		0.016515
18220		0.016272
18230		0.015998
18240		0.015699
18250		0.015333
18260		0.014865
18270		0.014409
18280		0.014041
18290		0.013724
18300		0.013436
18310		0.013180
18320		0.012964
18330		0.012723
18340		0.012442
18350		0.012182
18360		0.011857
18370		0.011506
18380		0.010967
18390		0.010448
18400		0.009782
18410		0.008985
18420		0.008217
18430		0.007409
18440		0.006497
18450		0.005709
18460		0.005036
18470		0.004420
18480		0.003747
18490		0.003055
18500		0.002338
18510		0.001737
18520		0.001133
18530		0.000436
18540		-0.000209
18550		-0.000863
18560		-0.001640
18570		-0.002448
18580		-0.003161
18590		-0.003994
18600		-0.004924
18610		-0.005854
18620		-0.006738
18630		-0.007554
18640		-0.008412
18650		-0.009272
18660		-0.010093
18670		-0.010834
18680		-0.011445
18690		-0.011852
18700		-0.012297
18710		-0.012813
18720		-0.013388
18730		-0.013916
18740		-0.014501
18750		-0.015133
18760		-0.015595
18770		-0.016097
18780		-0.016552
18790		-0.016851
18800		-0.017108
18810		-0.017278
18820		-0.017357
18830		-0.017341
18840		-0.017235
18850		-0.017120
18860		-0.016985
18870		-0.016984
18880		-0.017102
18890		-0.017161
18900		-0.017218
18910		-0.017405
18920		-0.017615
18930		-0.017887
18940		-0.018191
18950		-0.018536
18960		-0.018918
18970		-0.019344
18980		-0.019826
18990		-0.020265
19000		-0.020776
19010		-0.021431
19020		-0.022115
19030		-0.022786
19040		-0.023328
19050		-0.023932
19060		-0.024645
19070		-0.025404
19080		-0.026058
19090		-0.026693
19100		-0.027328
19110		-0.027941
19120		-0.028638
19130		-0.029474
19140		-0.030214
19150		-0.030898
19160		-0.031536
19170		-0.032163
19180		-0.032878
19190		-0.033600
19200		-0.034330
19210		-0.034928
19220		-0.035444
19230		-0.035972
19240		-0.036484
19250		-0.036954
19260		-0.037611
19270		-0.038257
19280		-0.038753
19290		-0.039130
19300		-0.039539
19310		-0.040014
19320		-0.040415
19330		-0.040770
19340		-0.041102
19350		-0.041343
19360		-0.041590
19370		-0.041872
19380		-0.042272
19390		-0.042689
19400		-0.043133
19410		-0.043547
19420		-0.043972
19430		-0.044354
19440		-0.044797
19450		-0.045295
19460		-0.045568
19470		-0.045780
19480		-0.045964
19490		-0.046024
19500		-0.046086
19510		-0.046115
19520		-0.046207
19530		-0.046270
19540		-0.046287
19550		-0.046292
19560		-0.046308
19570		-0.046360
19580		-0.046330
19590		-0.046319
19600		-0.046298
19610		-0.046332
19620		-0.046538
19630		-0.046788
19640		-0.046987
19650		-0.047061
19660		-0.047103
19670		-0.047229
19680		-0.047368
19690		-0.047505
19700		-0.047575
19710		-0.047759
19720		-0.048009
19730		-0.048209
19740		-0.048441
19750		-0.048774
19760		-0.048969
19770		-0.049172
19780		-0.049385
19790		-0.049568
19800		-0.049641
19810		-0.049643
19820		-0.049501
19830		-0.049232
19840		-0.049068
19850		-0.048829
19860		-0.048558
19870		-0.048290
19880		-0.048022
19890		-0.047824
19900		-0.047691
19910		-0.047558
19920		-0.047320
19930		-0.046974
19940		-0.046544
19950		-0.046160
19960		-0.045816
19970		-0.045469
19980		-0.045017
19990		-0.044636
