k		corr_k
0		1.000000
10		0.997056
20		0.994415
30		0.991709
40		0.989049
50		0.986354
60		0.983618
70		0.980983
80		0.978327
90		0.975700
100		0.973096
110		0.970504
120		0.967963
130		0.965462
140		0.962985
150		0.960461
160		0.957998
170		0.955595
180		0.953165
190		0.950761
200		0.948460
210		0.946166
220		0.943896
230		0.941594
240		0.939282
250		0.937068
260		0.934786
270		0.932591
280		0.930445
290		0.928176
300		0.926042
310		0.923998
320		0.921962
330		0.919945
340		0.917934
350		0.915925
360		0.913960
370		0.912044
380		0.910104
390		0.908232
400		0.906342
410		0.904483
420		0.902692
430		0.900904
440		0.899167
450		0.897439
460		0.895708
470		0.893951
480		0.892233
490		0.890496
500		0.888754
510		0.886950
520		0.885252
530		0.883521
540		0.881807
550		0.880080
560		0.878350
570		0.876634
580		0.874950
590		0.873307
600		0.871561
610		0.869857
620		0.868197
630		0.866557
640		0.864978
650		0.863366
660		0.861680
670		0.860028
680		0.858425
690		0.856840
700		0.855215
710		0.853629
720		0.851995
730		0.850435
740		0.848879
750		0.847295
760		0.845686
770		0.844133
780		0.842596
790		0.841063
800		0.839547
810		0.838071
820		0.836627
830		0.835154
840		0.833676
850		0.832245
860		0.830757
870		0.829340
880		0.827931
890		0.826579
900		0.825224
910		0.823835
920		0.822471
930		0.821171
940		0.819778
950		0.818431
960		0.817137
970		0.815817
980		0.814492
990		0.813185
1000		0.811898
1010		0.810654
1020		0.809444
1030		0.808196
1040		0.806976
1050		0.805706
1060		0.804456
1070		0.803202
1080		0.801904
1090		0.800679
1100		0.799474
1110		0.798263
1120		0.797059
1130		0.795900
1140		0.794738
1150		0.793525
1160		0.792348
1170		0.791149
1180		0.789947
1190		0.788672
1200		0.787444
1210		0.786159
1220		0.784887
1230		0.783601
1240		0.782349
1250		0.781166
1260		0.779888
1270		0.778665
1280		0.777495
1290		0.776280
1300		0.775077
1310		0.773852
1320		0.772683
1330		0.771474
1340		0.770264
1350		0.769081
1360		0.767928
1370		0.766776
1380		0.765630
1390		0.764507
1400		0.763389
1410		0.762294
1420		0.761204
1430		0.760079
1440		0.758988
1450		0.757937
1460		0.756829
1470		0.755739
1480		0.754699
1490		0.753636
1500		0.752529
1510		0.751463
1520		0.750402
1530		0.749369
1540		0.748248
1550		0.747146
1560		0.746073
1570		0.744976
1580		0.743883
1590		0.742814
1600		0.741731
1610		0.740643
1620		0.739572
1630		0.738542
1640		0.737501
1650		0.736454
1660		0.735410
1670		0.734387
1680		0.733400
1690		0.732382
1700		0.731384
1710		0.730356
1720		0.729346
1730		0.728325
1740		0.727398
1750		0.726417
1760		0.725461
1770		0.724521
1780		0.723590
1790		0.722679
1800		0.721778
1810		0.720892
1820		0.720006
1830		0.719152
1840		0.718335
1850		0.717475
1860		0.716628
1870		0.715792
1880		0.714919
1890		0.714092
1900		0.713325
1910		0.712536
1920		0.711737
1930		0.710923
1940		0.710124
1950		0.709320
1960		0.708571
1970		0.707770
1980		0.706947
1990		0.706120
2000		0.705330
2010		0.704510
2020		0.703677
2030		0.702839
2040		0.701987
2050		0.701154
2060		0.700297
2070		0.699448
2080		0.698613
2090		0.697805
2100		0.696992
2110		0.696143
2120		0.695312
2130		0.694505
2140		0.693711
2150		0.692925
2160		0.692118
2170		0.691328
2180		0.690474
2190		0.689617
2200		0.688756
2210		0.687861
2220		0.687023
2230		0.686155
2240		0.685354
2250		0.684521
2260		0.683662
2270		0.682804
2280		0.681967
2290		0.681109
2300		0.680257
2310		0.679436
2320		0.678683
2330		0.677902
2340		0.677069
2350		0.676218
2360		0.675391
2370		0.674589
2380		0.673794
2390		0.673016
2400		0.672231
2410		0.671463
2420		0.670677
2430		0.669930
2440		0.669144
2450		0.668393
2460		0.667703
2470		0.666970
2480		0.666256
2490		0.665542
2500		0.664898
2510		0.664262
2520		0.663579
2530		0.662909
2540		0.662175
2550		0.661422
2560		0.660703
2570		0.659986
2580		0.659340
2590		0.658611
2600		0.657927
2610		0.657269
2620		0.656585
2630		0.655872
2640		0.655187
2650		0.654537
2660		0.653834
2670		0.653145
2680		0.652463
2690		0.651768
2700		0.651082
2710		0.650424
2720		0.649740
2730		0.649069
2740		0.648402
2750		0.647783
2760		0.647203
2770		0.646568
2780		0.645957
2790		0.645335
2800		0.644751
2810		0.644166
2820		0.643567
2830		0.642938
2840		0.642394
2850		0.641817
2860		0.641241
2870		0.640655
2880		0.640033
2890		0.639429
2900		0.638828
2910		0.638263
2920		0.637700
2930		0.637140
2940		0.636610
2950		0.636078
2960		0.635562
2970		0.635044
2980		0.634541
2990		0.634023
3000		0.633543
3010		0.633092
3020		0.632608
3030		0.632119
3040		0.631653
3050		0.631175
3060		0.630728
3070		0.630249
3080		0.629771
3090		0.629328
3100		0.628871
3110		0.628434
3120		0.627981
3130		0.627517
3140		0.627088
3150		0.626674
3160		0.626234
3170		0.625796
3180		0.625341
3190		0.624829
3200		0.624337
3210		0.623864
3220		0.623414
3230		0.622930
3240		0.622442
3250		0.621982
3260		0.621471
3270		0.620942
3280		0.620412
3290		0.619908
3300		0.619399
3310		0.618889
3320		0.618396
3330		0.617909
3340		0.617358
3350		0.616881
3360		0.616403
3370		0.615953
3380		0.615470
3390		0.614995
3400		0.614453
3410		0.613919
3420		0.613443
3430		0.612887
3440		0.612371
3450		0.611869
3460		0.611366
3470		0.610883
3480		0.610402
3490		0.609905
3500		0.609351
3510		0.608841
3520		0.608360
3530		0.607810
3540		0.607263
3550		0.606661
3560		0.606094
3570		0.605561
3580		0.605059
3590		0.604536
3600		0.604000
3610		0.603532
3620		0.603056
3630		0.602535
3640		0.602057
3650		0.601586
3660		0.601104
3670		0.600638
3680		0.600176
3690		0.599753
3700		0.599317
3710		0.598916
3720		0.598486
3730		0.598118
3740		0.597663
3750		0.597245
3760		0.596857
3770		0.596438
3780		0.596036
3790		0.595642
3800		0.595277
3810		0.594896
3820		0.594556
3830		0.594226
3840		0.593942
3850		0.593596
3860		0.593228
3870		0.592901
3880		0.592585
3890		0.592246
3900		0.591904
3910		0.591601
3920		0.591327
3930		0.591016
3940		0.590718
3950		0.590396
3960		0.590083
3970		0.589784
3980		0.589477
3990		0.589193
4000		0.588867
4010		0.588582
4020		0.588266
4030		0.587943
4040		0.587619
4050		0.587258
4060		0.586935
4070		0.586596
4080		0.586227
4090		0.585914
4100		0.585604
4110		0.585330
4120		0.585026
4130		0.584712
4140		0.584394
4150		0.584047
4160		0.583725
4170		0.583423
4180		0.583070
4190		0.582761
4200		0.582484
4210		0.582207
4220		0.581932
4230		0.581653
4240		0.581348
4250		0.581042
4260		0.580773
4270		0.580547
4280		0.580256
4290		0.579941
4300		0.579611
4310		0.579291
4320		0.579026
4330		0.578709
4340		0.578387
4350		0.578052
4360		0.577714
4370		0.577400
4380		0.577084
4390		0.576764
4400		0.576456
4410		0.576149
4420		0.575821
4430		0.575523
4440		0.575247
4450		0.574934
4460		0.574620
4470		0.574315
4480		0.574004
4490		0.573684
4500		0.573352
4510		0.573080
4520		0.572790
4530		0.572477
4540		0.572168
4550		0.571863
4560		0.571541
4570		0.571241
4580		0.570932
4590		0.570642
4600		0.570349
4610		0.570067
4620		0.569834
4630		0.569594
4640		0.569362
4650		0.569139
4660		0.568906
4670		0.568714
4680		0.568512
4690		0.568257
4700		0.568045
4710		0.567796
4720		0.567593
4730		0.567378
4740		0.567137
4750		0.566932
4760		0.566732
4770		0.566528
4780		0.566352
4790		0.566152
4800		0.565901
4810		0.565638
4820		0.565373
4830		0.565125
4840		0.564932
4850		0.564731
4860		0.564479
4870		0.564252
4880		0.564018
4890		0.563797
4900		0.563594
4910		0.563372
4920		0.563175
4930		0.562954
4940		0.562735
4950		0.562545
4960		0.562346
4970		0.562161
4980		0.561973
4990		0.561778
5000		0.561580
5010		0.561411
5020		0.561189
5030		0.561023
5040		0.560854
5050		0.560629
5060		0.560437
5070		0.560266
5080		0.560093
5090		0.559943
5100		0.559833
5110		0.559656
5120		0.559480
5130		0.559346
5140		0.559173
5150		0.559003
5160		0.558833
5170		0.558626
5180		0.558442
5190		0.558225
5200		0.557972
5210		0.557729
5220		0.557524
5230		0.557280
5240		0.557038
5250		0.556773
5260		0.556502
5270		0.556303
5280		0.556079
5290		0.555849
5300		0.555657
5310		0.555440
5320		0.555244
5330		0.555010
5340		0.554805
5350		0.554637
5360		0.554463
5370		0.554242
5380		0.554027
5390		0.553836
5400		0.553672
5410		0.553481
5420		0.553293
5430		0.553070
5440		0.552878
5450		0.552668
5460		0.552424
5470		0.552207
5480		0.552059
5490		0.551925
5500		0.551818
5510		0.551697
5520		0.551624
5530		0.551488
5540		0.551416
5550		0.551346
5560		0.551269
5570		0.551192
5580		0.551156
5590		0.551122
5600		0.551124
5610		0.551105
5620		0.551045
5630		0.550976
5640		0.550908
5650		0.550825
5660		0.550765
5670		0.550694
5680		0.550613
5690		0.550550
5700		0.550453
5710		0.550319
5720		0.550161
5730		0.550051
5740		0.549937
5750		0.549834
5760		0.549795
5770		0.549719
5780		0.549634
5790		0.549560
5800		0.549479
5810		0.549406
5820		0.549336
5830		0.549246
5840		0.549211
5850		0.549228
5860		0.549220
5870		0.549240
5880		0.549247
5890		0.549249
5900		0.549186
5910		0.549137
5920		0.549077
5930		0.549004
5940		0.548971
5950		0.548880
5960		0.548793
5970		0.548677
5980		0.548610
5990		0.548489
6000		0.548398
6010		0.548372
6020		0.548333
6030		0.548340
6040		0.548333
6050		0.548300
6060		0.548303
6070		0.548296
6080		0.548300
6090		0.548274
6100		0.548276
6110		0.548273
6120		0.548202
6130		0.548152
6140		0.548103
6150		0.548041
6160		0.548027
6170		0.547963
6180		0.547913
6190		0.547914
6200		0.547904
6210		0.547876
6220		0.547860
6230		0.547824
6240		0.547786
6250		0.547744
6260		0.547652
6270		0.547560
6280		0.547454
6290		0.547377
6300		0.547301
6310		0.547276
6320		0.547180
6330		0.547108
6340		0.547093
6350		0.547041
6360		0.547014
6370		0.546947
6380		0.546917
6390		0.546864
6400		0.546813
6410		0.546778
6420		0.546757
6430		0.546762
6440		0.546783
6450		0.546798
6460		0.546749
6470		0.546717
6480		0.546696
6490		0.546637
6500		0.546618
6510		0.546610
6520		0.546590
6530		0.546557
6540		0.546501
6550		0.546431
6560		0.546348
6570		0.546283
6580		0.546241
6590		0.546211
6600		0.546145
6610		0.546085
6620		0.546036
6630		0.545965
6640		0.545906
6650		0.545804
6660		0.545760
6670		0.545685
6680		0.545586
6690		0.545491
6700		0.545392
6710		0.545339
6720		0.545329
6730		0.545316
6740		0.545274
6750		0.545244
6760		0.545181
6770		0.545153
6780		0.545080
6790		0.545011
6800		0.544982
6810		0.544984
6820		0.544968
6830		0.544886
6840		0.544810
6850		0.544740
6860		0.544687
6870		0.544606
6880		0.544521
6890		0.544457
6900		0.544361
6910		0.544340
6920		0.544273
6930		0.544208
6940		0.544203
6950		0.544228
6960		0.544260
6970		0.544252
6980		0.544255
6990		0.544303
7000		0.544367
7010		0.544428
7020		0.544449
7030		0.544495
7040		0.544497
7050		0.544523
7060		0.544562
7070		0.544540
7080		0.544486
7090		0.544468
7100		0.544425
7110		0.544341
7120		0.544249
7130		0.544157
7140		0.544054
7150		0.544001
7160		0.543944
7170		0.543916
7180		0.543910
7190		0.543882
7200		0.543858
7210		0.543804
7220		0.543806
7230		0.543800
7240		0.543764
7250		0.543759
7260		0.543784
7270		0.543773
7280		0.543825
7290		0.543871
7300		0.543901
7310		0.543906
7320		0.543940
7330		0.543939
7340		0.543929
7350		0.543952
7360		0.543946
7370		0.543867
7380		0.543810
7390		0.543775
7400		0.543752
7410		0.543738
7420		0.543709
7430		0.543687
7440		0.543672
7450		0.543690
7460		0.543722
7470		0.543729
7480		0.543798
7490		0.543858
7500		0.543869
7510		0.543857
7520		0.543876
7530		0.543897
7540		0.543913
7550		0.543941
7560		0.544004
7570		0.544031
7580		0.544059
7590		0.544088
7600		0.544086
7610		0.544076
7620		0.544080
7630		0.544122
7640		0.544196
7650		0.544255
7660		0.544285
7670		0.544297
7680		0.544328
7690		0.544352
7700		0.544388
7710		0.544399
7720		0.544350
7730		0.544281
7740		0.544181
7750		0.544096
7760		0.544015
7770		0.543921
7780		0.543839
7790		0.543745
7800		0.543700
7810		0.543638
7820		0.543589
7830		0.543557
7840		0.543504
7850		0.543479
7860		0.543434
7870		0.543396
7880		0.543318
7890		0.543291
7900		0.543238
7910		0.543155
7920		0.543086
7930		0.543017
7940		0.542930
7950		0.542834
7960		0.542723
7970		0.542611
7980		0.542500
7990		0.542359
8000		0.542216
8010		0.542114
8020		0.542000
8030		0.541903
8040		0.541779
8050		0.541618
8060		0.541457
8070		0.541277
8080		0.541083
8090		0.540897
8100		0.540671
8110		0.540489
8120		0.540281
8130		0.540032
8140		0.539813
8150		0.539684
8160		0.539447
8170		0.539241
8180		0.539054
8190		0.538838
8200		0.538644
8210		0.538454
8220		0.538249
8230		0.538041
8240		0.537856
8250		0.537678
8260		0.537479
8270		0.537288
8280		0.537069
8290		0.536856
8300		0.536689
8310		0.536481
8320		0.536312
8330		0.536083
8340		0.535878
8350		0.535707
8360		0.535542
8370		0.535376
8380		0.535201
8390		0.535078
8400		0.534936
8410		0.534770
8420		0.534631
8430		0.534497
8440		0.534346
8450		0.534242
8460		0.534068
8470		0.533916
8480		0.533761
8490		0.533591
8500		0.533456
8510		0.533307
8520		0.533124
8530		0.532956
8540		0.532796
8550		0.532611
8560		0.532450
8570		0.532275
8580		0.532084
8590		0.531915
8600		0.531752
8610		0.531562
8620		0.531363
8630		0.531197
8640		0.531005
8650		0.530816
8660		0.530617
8670		0.530435
8680		0.530228
8690		0.530025
8700		0.529829
8710		0.529582
8720		0.529346
8730		0.529071
8740		0.528789
8750		0.528559
8760		0.528257
8770		0.527935
8780		0.527616
8790		0.527309
8800		0.527033
8810		0.526777
8820		0.526529
8830		0.526336
8840		0.526086
8850		0.525825
8860		0.525582
8870		0.525352
8880		0.525096
8890		0.524877
8900		0.524649
8910		0.524494
8920		0.524323
8930		0.524146
8940		0.523951
8950		0.523787
8960		0.523619
8970		0.523480
8980		0.523299
8990		0.523183
9000		0.523073
9010		0.522988
9020		0.522869
9030		0.522696
9040		0.522539
9050		0.522373
9060		0.522220
9070		0.522047
9080		0.521878
9090		0.521728
9100		0.521580
9110		0.521371
9120		0.521166
9130		0.520959
9140		0.520746
9150		0.520560
9160		0.520388
9170		0.520204
9180		0.520027
9190		0.519844
9200		0.519674
9210		0.519510
9220		0.519350
9230		0.519203
9240		0.519025
9250		0.518916
9260		0.518781
9270		0.518683
9280		0.518550
9290		0.518460
9300		0.518350
9310		0.518226
9320		0.518081
9330		0.517947
9340		0.517808
9350		0.517710
9360		0.517609
9370		0.517549
9380		0.517488
9390		0.517419
9400		0.517377
9410		0.517304
9420		0.517232
9430		0.517196
9440		0.517148
9450		0.517142
9460		0.517158
9470		0.517118
9480		0.517076
9490		0.517074
9500		0.517058
9510		0.517038
9520		0.516995
9530		0.516959
9540		0.516920
9550		0.516880
9560		0.516822
9570		0.516721
9580		0.516676
9590		0.516598
9600		0.516533
9610		0.516412
9620		0.516320
9630		0.516182
9640		0.516043
9650		0.515940
9660		0.515843
9670		0.515686
9680		0.515562
9690		0.515447
9700		0.515286
9710		0.515121
9720		0.515012
9730		0.514857
9740		0.514722
9750		0.514566
9760		0.514403
9770		0.514199
9780		0.514021
9790		0.513861
9800		0.513755
9810		0.513599
9820		0.513474
9830		0.513318
9840		0.513116
9850		0.512916
9860		0.512662
9870		0.512431
9880		0.512190
9890		0.512004
9900		0.511819
9910		0.511629
9920		0.511429
9930		0.511233
9940		0.511007
9950		0.510755
9960		0.510561
9970		0.510331
9980		0.510084
9990		0.509851
10000		0.509524
10010		0.509253
10020		0.508980
10030		0.508709
10040		0.508456
10050		0.508247
10060		0.508016
10070		0.507841
10080		0.507659
10090		0.507422
10100		0.507187
10110		0.506970
10120		0.506707
10130		0.506416
10140		0.506150
10150		0.505871
10160		0.505608
10170		0.505352
10180		0.505128
10190		0.504880
10200		0.504665
10210		0.504471
10220		0.504314
10230		0.504122
10240		0.503929
10250		0.503730
10260		0.503567
10270		0.503447
10280		0.503401
10290		0.503327
10300		0.503236
10310		0.503096
10320		0.502941
10330		0.502776
10340		0.502648
10350		0.502490
10360		0.502363
10370		0.502224
10380		0.502128
10390		0.502020
10400		0.501914
10410		0.501777
10420		0.501602
10430		0.501432
10440		0.501241
10450		0.501082
10460		0.500930
10470		0.500758
10480		0.500588
10490		0.500409
10500		0.500221
10510		0.500046
10520		0.499872
10530		0.499692
10540		0.499478
10550		0.499248
10560		0.499020
10570		0.498804
10580		0.498579
10590		0.498385
10600		0.498217
10610		0.498001
10620		0.497804
10630		0.497597
10640		0.497427
10650		0.497195
10660		0.497028
10670		0.496817
10680		0.496603
10690		0.496348
10700		0.496160
10710		0.495950
10720		0.495695
10730		0.495476
10740		0.495253
10750		0.494995
10760		0.494811
10770		0.494609
10780		0.494415
10790		0.494263
10800		0.494085
10810		0.493939
10820		0.493730
10830		0.493508
10840		0.493289
10850		0.493121
10860		0.492970
10870		0.492806
10880		0.492621
10890		0.492432
10900		0.492256
10910		0.492119
10920		0.491978
10930		0.491816
10940		0.491632
10950		0.491458
10960		0.491242
10970		0.491042
10980		0.490866
10990		0.490675
11000		0.490456
11010		0.490283
11020		0.490080
11030		0.489860
11040		0.489635
11050		0.489376
11060		0.489088
11070		0.488809
11080		0.488510
11090		0.488242
11100		0.487974
11110		0.487705
11120		0.487450
11130		0.487184
11140		0.486942
11150		0.486707
11160		0.486519
11170		0.486305
11180		0.486114
11190		0.485885
11200		0.485632
11210		0.485416
11220		0.485152
11230		0.484873
11240		0.484600
11250		0.484328
11260		0.484037
11270		0.483758
11280		0.483496
11290		0.483199
11300		0.482950
11310		0.482684
11320		0.482484
11330		0.482260
11340		0.482024
11350		0.481808
11360		0.481594
11370		0.481354
11380		0.481117
11390		0.480889
11400		0.480721
11410		0.480551
11420		0.480422
11430		0.480282
11440		0.480192
11450		0.480115
11460		0.480004
11470		0.479903
11480		0.479793
11490		0.479696
11500		0.479595
11510		0.479516
11520		0.479432
11530		0.479353
11540		0.479238
11550		0.479165
11560		0.479067
11570		0.478978
11580		0.478866
11590		0.478763
11600		0.478648
11610		0.478545
11620		0.478442
11630		0.478360
11640		0.478302
11650		0.478210
11660		0.478172
11670		0.478135
11680		0.478096
11690		0.478051
11700		0.478006
11710		0.477971
11720		0.477898
11730		0.477824
11740		0.477732
11750		0.477638
11760		0.477539
11770		0.477448
11780		0.477353
11790		0.477273
11800		0.477129
11810		0.476995
11820		0.476870
11830		0.476783
11840		0.476648
11850		0.476482
11860		0.476337
11870		0.476219
11880		0.476113
11890		0.476002
11900		0.475968
11910		0.475896
11920		0.475845
11930		0.475802
11940		0.475777
11950		0.475784
11960		0.475761
11970		0.475765
11980		0.475767
11990		0.475781
12000		0.475817
12010		0.475848
12020		0.475929
12030		0.475988
12040		0.475996
12050		0.476003
12060		0.476024
12070		0.476043
12080		0.476047
12090		0.476041
12100		0.475999
12110		0.475910
12120		0.475926
12130		0.475943
12140		0.475961
12150		0.475991
12160		0.476008
12170		0.475987
12180		0.476003
12190		0.476016
12200		0.476022
12210		0.476031
12220		0.476040
12230		0.476054
12240		0.476060
12250		0.476048
12260		0.476022
12270		0.475973
12280		0.475955
12290		0.475896
12300		0.475829
12310		0.475785
12320		0.475752
12330		0.475746
12340		0.475724
12350		0.475709
12360		0.475732
12370		0.475761
12380		0.475748
12390		0.475745
12400		0.475688
12410		0.475655
12420		0.475613
12430		0.475594
12440		0.475598
12450		0.475565
12460		0.475541
12470		0.475556
12480		0.475529
12490		0.475457
12500		0.475411
12510		0.475367
12520		0.475296
12530		0.475210
12540		0.475130
12550		0.475048
12560		0.474936
12570		0.474813
12580		0.474709
12590		0.474613
12600		0.474559
12610		0.474507
12620		0.474490
12630		0.474429
12640		0.474389
12650		0.474326
12660		0.474288
12670		0.474276
12680		0.474297
12690		0.474329
12700		0.474338
12710		0.474344
12720		0.474326
12730		0.474295
12740		0.474241
12750		0.474151
12760		0.474056
12770		0.473995
12780		0.473983
12790		0.473959
12800		0.473947
12810		0.473905
12820		0.473887
12830		0.473844
12840		0.473805
12850		0.473705
12860		0.473643
12870		0.473573
12880		0.473558
12890		0.473529
12900		0.473454
12910		0.473393
12920		0.473316
12930		0.473227
12940		0.473104
12950		0.473058
12960		0.473014
12970		0.472962
12980		0.472901
12990		0.472824
13000		0.472725
13010		0.472634
13020		0.472573
13030		0.472487
13040		0.472391
13050		0.472307
13060		0.472200
13070		0.472067
13080		0.471928
13090		0.471770
13100		0.471684
13110		0.471550
13120		0.471449
13130		0.471406
13140		0.471292
13150		0.471177
13160		0.471071
13170		0.470950
13180		0.470814
13190		0.470663
13200		0.470523
13210		0.470436
13220		0.470335
13230		0.470217
13240		0.470109
13250		0.469985
13260		0.469860
13270		0.469736
13280		0.469615
13290		0.469518
13300		0.469406
13310		0.469260
13320		0.469129
13330		0.468955
13340		0.468818
13350		0.468693
13360		0.468527
13370		0.468356
13380		0.468158
13390		0.467942
13400		0.467709
13410		0.467451
13420		0.467222
13430		0.467008
13440		0.466768
13450		0.466574
13460		0.466321
13470		0.466096
13480		0.465879
13490		0.465669
13500		0.465487
13510		0.465261
13520		0.465061
13530		0.464860
13540		0.464688
13550		0.464502
13560		0.464350
13570		0.464169
13580		0.463951
13590		0.463735
13600		0.463547
13610		0.463374
13620		0.463212
13630		0.462999
13640		0.462770
13650		0.462559
13660		0.462309
13670		0.462065
13680		0.461859
13690		0.461627
13700		0.461353
13710		0.461108
13720		0.460844
13730		0.460537
13740		0.460262
13750		0.459984
13760		0.459666
13770		0.459334
13780		0.459006
13790		0.458684
13800		0.458385
13810		0.458087
13820		0.457804
13830		0.457535
13840		0.457243
13850		0.456923
13860		0.456582
13870		0.456256
13880		0.455944
13890		0.455638
13900		0.455377
13910		0.455103
13920		0.454859
13930		0.454571
13940		0.454340
13950		0.454047
13960		0.453758
13970		0.453476
13980		0.453166
13990		0.452879
14000		0.452604
14010		0.452294
14020		0.451966
14030		0.451607
14040		0.451284
14050		0.450989
14060		0.450662
14070		0.450315
14080		0.450030
14090		0.449716
14100		0.449398
14110		0.449113
14120		0.448836
14130		0.448525
14140		0.448218
14150		0.447919
14160		0.447576
14170		0.447267
14180		0.446949
14190		0.446629
14200		0.446289
14210		0.445956
14220		0.445612
14230		0.445304
14240		0.444993
14250		0.444690
14260		0.444361
14270		0.444042
14280		0.443740
14290		0.443453
14300		0.443165
14310		0.442883
14320		0.442608
14330		0.442358
14340		0.442126
14350		0.441871
14360		0.441599
14370		0.441346
14380		0.441071
14390		0.440784
14400		0.440528
14410		0.440240
14420		0.439948
14430		0.439610
14440		0.439310
14450		0.438991
14460		0.438706
14470		0.438402
14480		0.438093
14490		0.437755
14500		0.437418
14510		0.437130
14520		0.436819
14530		0.436522
14540		0.436256
14550		0.435937
14560		0.435668
14570		0.435372
14580		0.435126
14590		0.434838
14600		0.434568
14610		0.434284
14620		0.433994
14630		0.433714
14640		0.433406
14650		0.433072
14660		0.432789
14670		0.432487
14680		0.432140
14690		0.431781
14700		0.431421
14710		0.431092
14720		0.430771
14730		0.430442
14740		0.430133
14750		0.429846
14760		0.429580
14770		0.429356
14780		0.429125
14790		0.428885
14800		0.428644
14810		0.428378
14820		0.428170
14830		0.427949
14840		0.427727
14850		0.427507
14860		0.427295
14870		0.427079
14880		0.426846
14890		0.426629
14900		0.426432
14910		0.426195
14920		0.425974
14930		0.425773
14940		0.425550
14950		0.425306
14960		0.425082
14970		0.424863
14980		0.424649
14990		0.424425
15000		0.424168
15010		0.423943
15020		0.423709
15030		0.423482
15040		0.423261
15050		0.423091
15060		0.422871
15070		0.422638
15080		0.422376
15090		0.422134
15100		0.421895
15110		0.421646
15120		0.421384
15130		0.421148
15140		0.420939
15150		0.420721
15160		0.420487
15170		0.420246
15180		0.420011
15190		0.419787
15200		0.419549
15210		0.419329
15220		0.419064
15230		0.418793
15240		0.418531
15250		0.418249
15260		0.417988
15270		0.417726
15280		0.417459
15290		0.417194
15300		0.416947
15310		0.416722
15320		0.416462
15330		0.416200
15340		0.415965
15350		0.415748
15360		0.415523
15370		0.415282
15380		0.415045
15390		0.414823
15400		0.414584
15410		0.414353
15420		0.414132
15430		0.413897
15440		0.413652
15450		0.413412
15460		0.413185
15470		0.412983
15480		0.412757
15490		0.412531
15500		0.412315
15510		0.412103
15520		0.411856
15530		0.411615
15540		0.411357
15550		0.411107
15560		0.410896
15570		0.410678
15580		0.410471
15590		0.410278
15600		0.410093
15610		0.409863
15620		0.409650
15630		0.409418
15640		0.409225
15650		0.409052
15660		0.408859
15670		0.408668
15680		0.408461
15690		0.408249
15700		0.408040
15710		0.407828
15720		0.407628
15730		0.407435
15740		0.407250
15750		0.407079
15760		0.406936
15770		0.406825
15780		0.406693
15790		0.406571
15800		0.406456
15810		0.406372
15820		0.406293
15830		0.406216
15840		0.406144
15850		0.406040
15860		0.405958
15870		0.405864
15880		0.405788
15890		0.405749
15900		0.405699
15910		0.405639
15920		0.405561
15930		0.405533
15940		0.405467
15950		0.405369
15960		0.405301
15970		0.405249
15980		0.405189
15990		0.405094
16000		0.404962
16010		0.404832
16020		0.404696
16030		0.404536
16040		0.404342
16050		0.404140
16060		0.403954
16070		0.403741
16080		0.403531
16090		0.403330
16100		0.403153
16110		0.402929
16120		0.402695
16130		0.402447
16140		0.402173
16150		0.401892
16160		0.401616
16170		0.401326
16180		0.401030
16190		0.400701
16200		0.400362
16210		0.400036
16220		0.399740
16230		0.399474
16240		0.399174
16250		0.398885
16260		0.398601
16270		0.398301
16280		0.397993
16290		0.397677
16300		0.397340
16310		0.397008
16320		0.396702
16330		0.396411
16340		0.396109
16350		0.395788
16360		0.395482
16370		0.395208
16380		0.394900
16390		0.394621
16400		0.394331
16410		0.394030
16420		0.393723
16430		0.393452
16440		0.393157
16450		0.392902
16460		0.392618
16470		0.392365
16480		0.392132
16490		0.391915
16500		0.391676
16510		0.391437
16520		0.391201
16530		0.390937
16540		0.390693
16550		0.390475
16560		0.390264
16570		0.390102
16580		0.389910
16590		0.389753
16600		0.389606
16610		0.389496
16620		0.389362
16630		0.389252
16640		0.389148
16650		0.389033
16660		0.388903
16670		0.388764
16680		0.388627
16690		0.388514
16700		0.388440
16710		0.388380
16720		0.388341
16730		0.388311
16740		0.388289
16750		0.388289
16760		0.388278
16770		0.388279
16780		0.388251
16790		0.388209
16800		0.388188
16810		0.388189
16820		0.388181
16830		0.388159
16840		0.388147
16850		0.388136
16860		0.388086
16870		0.388058
16880		0.388044
16890		0.388008
16900		0.388015
16910		0.387989
16920		0.387950
16930		0.387926
16940		0.387912
16950		0.387900
16960		0.387901
16970		0.387901
16980		0.387911
16990		0.387938
17000		0.387916
17010		0.387901
17020		0.387865
17030		0.387877
17040		0.387868
17050		0.387835
17060		0.387829
17070		0.387809
17080		0.387825
17090		0.387850
17100		0.387868
17110		0.387901
17120		0.387909
17130		0.387898
17140		0.387880
17150		0.387893
17160		0.387923
17170		0.387931
17180		0.387959
17190		0.387985
17200		0.387995
17210		0.388023
17220		0.388063
17230		0.388112
17240		0.388148
17250		0.388203
17260		0.388259
17270		0.388316
17280		0.388352
17290		0.388399
17300		0.388424
17310		0.388492
17320		0.388553
17330		0.388611
17340		0.388630
17350		0.388628
17360		0.388596
17370		0.388578
17380		0.388583
17390		0.388566
17400		0.388540
17410		0.388507
17420		0.388492
17430		0.388466
17440		0.388424
17450		0.388381
17460		0.388326
17470		0.388302
17480		0.388256
17490		0.388204
17500		0.388165
17510		0.388135
17520		0.388083
17530		0.388028
17540		0.388007
17550		0.388011
17560		0.388020
17570		0.388045
17580		0.388067
17590		0.388119
17600		0.388161
17610		0.388201
17620		0.388248
17630		0.388313
17640		0.388372
17650		0.388418
17660		0.388470
17670		0.388525
17680		0.388580
17690		0.388631
17700		0.388650
17710		0.388680
17720		0.388703
17730		0.388743
17740		0.388764
17750		0.388776
17760		0.388773
17770		0.388766
17780		0.388730
17790		0.388718
17800		0.388702
17810		0.388700
17820		0.388727
17830		0.388737
17840		0.388711
17850		0.388678
17860		0.388627
17870		0.388585
17880		0.388564
17890		0.388574
17900		0.388587
17910		0.388614
17920		0.388658
17930		0.388676
17940		0.388673
17950		0.388689
17960		0.388729
17970		0.388748
17980		0.388807
17990		0.388873
18000		0.388928
18010		0.388971
18020		0.388995
18030		0.389001
18040		0.389005
18050		0.389037
18060		0.389080
18070		0.389144
18080		0.389207
18090		0.389280
18100		0.389325
18110		0.389362
18120		0.389384
18130		0.389422
18140		0.389429
18150		0.389452
18160		0.389466
18170		0.389467
18180		0.389459
18190		0.389446
18200		0.389412
18210		0.389403
18220		0.389422
18230		0.389430
18240		0.389445
18250		0.389449
18260		0.389469
18270		0.389485
18280		0.389524
18290		0.389518
18300		0.389497
18310		0.389478
18320		0.389434
18330		0.389403
18340		0.389322
18350		0.389267
18360		0.389250
18370		0.389215
18380		0.389163
18390		0.389150
18400		0.389115
18410		0.389121
18420		0.389107
18430		0.389071
18440		0.389029
18450		0.389000
18460		0.389002
18470		0.388994
18480		0.388987
18490		0.388967
18500		0.388961
18510		0.388957
18520		0.388944
18530		0.388938
18540		0.388944
18550		0.388943
18560		0.388964
18570		0.388935
18580		0.388926
18590		0.388926
18600		0.388905
18610		0.388900
18620		0.388897
18630		0.388909
18640		0.388894
18650		0.388915
18660		0.388913
18670		0.388910
18680		0.388892
18690		0.388901
18700		0.388936
18710		0.388996
18720		0.389077
18730		0.389149
18740		0.389227
18750		0.389331
18760		0.389445
18770		0.389556
18780		0.389674
18790		0.389786
18800		0.389919
18810		0.390044
18820		0.390189
18830		0.390339
18840		0.390488
18850		0.390649
18860		0.390799
18870		0.390933
18880		0.391062
18890		0.391169
18900		0.391292
18910		0.391381
18920		0.391466
18930		0.391533
18940		0.391547
18950		0.391572
18960		0.391616
18970		0.391653
18980		0.391698
18990		0.391757
19000		0.391835
19010		0.391935
19020		0.392040
19030		0.392161
19040		0.392268
19050		0.392384
19060		0.392520
19070		0.392665
19080		0.392805
19090		0.392967
19100		0.393091
19110		0.393226
19120		0.393373
19130		0.393499
19140		0.393619
19150		0.393724
19160		0.393845
19170		0.393973
19180		0.394087
19190		0.394181
19200		0.394274
19210		0.394379
19220		0.394514
19230		0.394653
19240		0.394780
19250		0.394878
19260		0.395015
19270		0.395162
19280		0.395362
19290		0.395522
19300		0.395697
19310		0.395877
19320		0.396069
19330		0.396235
19340		0.396368
19350		0.396491
19360		0.396635
19370		0.396792
19380		0.396950
19390		0.397059
19400		0.397191
19410		0.397320
19420		0.397454
19430		0.397609
19440		0.397764
19450		0.397876
19460		0.397978
19470		0.398065
19480		0.398194
19490		0.398327
19500		0.398464
19510		0.398565
19520		0.398689
19530		0.398821
19540		0.398983
19550		0.399101
19560		0.399221
19570		0.399333
19580		0.399459
19590		0.399602
19600		0.399709
19610		0.399809
19620		0.399915
19630		0.400025
19640		0.400127
19650		0.400204
19660		0.400278
19670		0.400344
19680		0.400385
19690		0.400403
19700		0.400438
19710		0.400464
19720		0.400490
19730		0.400499
19740		0.400515
19750		0.400505
19760		0.400500
19770		0.400492
19780		0.400491
19790		0.400488
19800		0.400496
19810		0.400490
19820		0.400473
19830		0.400447
19840		0.400428
19850		0.400406
19860		0.400403
19870		0.400384
19880		0.400383
19890		0.400376
19900		0.400349
19910		0.400308
19920		0.400276
19930		0.400175
19940		0.400102
19950		0.400021
19960		0.399964
19970		0.399883
19980		0.399803
19990		0.399740
