k		corr_k
0		1.000000
10		0.977690
20		0.957115
30		0.936890
40		0.916999
50		0.897442
60		0.878180
70		0.859458
80		0.841045
90		0.823276
100		0.805891
110		0.788965
120		0.772414
130		0.756256
140		0.740561
150		0.725297
160		0.710263
170		0.695616
180		0.681149
190		0.667098
200		0.653400
210		0.639916
220		0.626770
230		0.613880
240		0.601207
250		0.589037
260		0.577256
270		0.565700
280		0.554298
290		0.543226
300		0.532363
310		0.521659
320		0.511017
330		0.500582
340		0.490204
350		0.479958
360		0.469750
370		0.459642
380		0.449779
390		0.440151
400		0.430706
410		0.421406
420		0.412286
430		0.403457
440		0.394970
450		0.386635
460		0.378492
470		0.370476
480		0.362729
490		0.355154
500		0.347588
510		0.340242
520		0.333149
530		0.326241
540		0.319311
550		0.312588
560		0.305945
570		0.299320
580		0.292890
590		0.286470
600		0.280098
610		0.273747
620		0.267522
630		0.261567
640		0.255782
650		0.250218
660		0.244840
670		0.239639
680		0.234540
690		0.229606
700		0.224997
710		0.220659
720		0.216353
730		0.212139
740		0.208121
750		0.204355
760		0.200773
770		0.197257
780		0.193849
790		0.190507
800		0.187298
810		0.184359
820		0.181375
830		0.178282
840		0.175170
850		0.172030
860		0.168725
870		0.165440
880		0.162180
890		0.158822
900		0.155474
910		0.152250
920		0.148960
930		0.145749
940		0.142760
950		0.139781
960		0.136870
970		0.133996
980		0.131277
990		0.128554
1000		0.125972
1010		0.123559
1020		0.121077
1030		0.118537
1040		0.115989
1050		0.113496
1060		0.110972
1070		0.108390
1080		0.105820
1090		0.103245
1100		0.100670
1110		0.098203
1120		0.095929
1130		0.093652
1140		0.091304
1150		0.088961
1160		0.086561
1170		0.084157
1180		0.081778
1190		0.079386
1200		0.077036
1210		0.074857
1220		0.072878
1230		0.071048
1240		0.069402
1250		0.067654
1260		0.065886
1270		0.064275
1280		0.062799
1290		0.061241
1300		0.059657
1310		0.058215
1320		0.056817
1330		0.055718
1340		0.054728
1350		0.054023
1360		0.053291
1370		0.052433
1380		0.051300
1390		0.050198
1400		0.049144
1410		0.048001
1420		0.046876
1430		0.045758
1440		0.044688
1450		0.043697
1460		0.042685
1470		0.041598
1480		0.040545
1490		0.039586
1500		0.038743
1510		0.038063
1520		0.037434
1530		0.036678
1540		0.035727
1550		0.034676
1560		0.033529
1570		0.032347
1580		0.031022
1590		0.029617
1600		0.028149
1610		0.026745
1620		0.025234
1630		0.023578
1640		0.021923
1650		0.020239
1660		0.018660
1670		0.017285
1680		0.016056
1690		0.014791
1700		0.013484
1710		0.012225
1720		0.011109
1730		0.010180
1740		0.009214
1750		0.008199
1760		0.007174
1770		0.006312
1780		0.005487
1790		0.004871
1800		0.004227
1810		0.003583
1820		0.002964
1830		0.002454
1840		0.001906
1850		0.001442
1860		0.000916
1870		0.000253
1880		-0.000334
1890		-0.001014
1900		-0.001675
1910		-0.002178
1920		-0.002572
1930		-0.002924
1940		-0.003210
1950		-0.003408
1960		-0.003484
1970		-0.003451
1980		-0.003263
1990		-0.003053
2000		-0.002678
2010		-0.002182
2020		-0.001444
2030		-0.000729
2040		0.000013
2050		0.000651
2060		0.001314
2070		0.001953
2080		0.002564
2090		0.003268
2100		0.003830
2110		0.004372
2120		0.004926
2130		0.005509
2140		0.006202
2150		0.006873
2160		0.007595
2170		0.008232
2180		0.009036
2190		0.009678
2200		0.010436
2210		0.011233
2220		0.011976
2230		0.012746
2240		0.013438
2250		0.014070
2260		0.014698
2270		0.015513
2280		0.016309
2290		0.017072
2300		0.017828
2310		0.018538
2320		0.019342
2330		0.020257
2340		0.021310
2350		0.022373
2360		0.023355
2370		0.024293
2380		0.025153
2390		0.026056
2400		0.026867
2410		0.027420
2420		0.028012
2430		0.028591
2440		0.029077
2450		0.029708
2460		0.030457
2470		0.031262
2480		0.031930
2490		0.032755
2500		0.033501
2510		0.034247
2520		0.035151
2530		0.036215
2540		0.037383
2550		0.038632
2560		0.039855
2570		0.041103
2580		0.042298
2590		0.043380
2600		0.044443
2610		0.045277
2620		0.045870
2630		0.046452
2640		0.046994
2650		0.047473
2660		0.047864
2670		0.047910
2680		0.047848
2690		0.047826
2700		0.047898
2710		0.048103
2720		0.048113
2730		0.048045
2740		0.047929
2750		0.047846
2760		0.047686
2770		0.047411
2780		0.047236
2790		0.047058
2800		0.046823
2810		0.046424
2820		0.045959
2830		0.045669
2840		0.045351
2850		0.044930
2860		0.044634
2870		0.044438
2880		0.044348
2890		0.044251
2900		0.044072
2910		0.043974
2920		0.043892
2930		0.043777
2940		0.043677
2950		0.043529
2960		0.043296
2970		0.043103
2980		0.042841
2990		0.042639
3000		0.042448
3010		0.042194
3020		0.041967
3030		0.041687
3040		0.041498
3050		0.041289
3060		0.041224
3070		0.041357
3080		0.041580
3090		0.041730
3100		0.042131
3110		0.042681
3120		0.043121
3130		0.043508
3140		0.043877
3150		0.044242
3160		0.044618
3170		0.044791
3180		0.044923
3190		0.045243
3200		0.045465
3210		0.045305
3220		0.044846
3230		0.044481
3240		0.044054
3250		0.043590
3260		0.043206
3270		0.042839
3280		0.042543
3290		0.042184
3300		0.041834
3310		0.041371
3320		0.041033
3330		0.041005
3340		0.041017
3350		0.040940
3360		0.040683
3370		0.040504
3380		0.040302
3390		0.039899
3400		0.039382
3410		0.038716
3420		0.038194
3430		0.037693
3440		0.037225
3450		0.036867
3460		0.036606
3470		0.036218
3480		0.035923
3490		0.035722
3500		0.035508
3510		0.035101
3520		0.034556
3530		0.033814
3540		0.033085
3550		0.032417
3560		0.031808
3570		0.031315
3580		0.030759
3590		0.030309
3600		0.029832
3610		0.029382
3620		0.029070
3630		0.028924
3640		0.028765
3650		0.028580
3660		0.028430
3670		0.028012
3680		0.027517
3690		0.026916
3700		0.026294
3710		0.025727
3720		0.025240
3730		0.024933
3740		0.024718
3750		0.024524
3760		0.024301
3770		0.024163
3780		0.024063
3790		0.023813
3800		0.023607
3810		0.023359
3820		0.023254
3830		0.023020
3840		0.022611
3850		0.022081
3860		0.021595
3870		0.020985
3880		0.020315
3890		0.019750
3900		0.019272
3910		0.018736
3920		0.018260
3930		0.017831
3940		0.017367
3950		0.016857
3960		0.016324
3970		0.015789
3980		0.015082
3990		0.014295
4000		0.013635
4010		0.012845
4020		0.012054
4030		0.011185
4040		0.010429
4050		0.009747
4060		0.008863
4070		0.007912
4080		0.006935
4090		0.006156
4100		0.005372
4110		0.004689
4120		0.003858
4130		0.002895
4140		0.002022
4150		0.001102
4160		0.000306
4170		-0.000456
4180		-0.001158
4190		-0.001840
4200		-0.002638
4210		-0.003441
4220		-0.004218
4230		-0.005131
4240		-0.006067
4250		-0.007113
4260		-0.008301
4270		-0.009380
4280		-0.010528
4290		-0.011689
4300		-0.013031
4310		-0.014195
4320		-0.015229
4330		-0.016213
4340		-0.017217
4350		-0.018304
4360		-0.019322
4370		-0.020281
4380		-0.021239
4390		-0.022031
4400		-0.022618
4410		-0.023186
4420		-0.023849
4430		-0.024457
4440		-0.024792
4450		-0.025061
4460		-0.025311
4470		-0.025417
4480		-0.025514
4490		-0.025667
4500		-0.025952
4510		-0.026225
4520		-0.026405
4530		-0.026736
4540		-0.027007
4550		-0.027334
4560		-0.027936
4570		-0.028555
4580		-0.029173
4590		-0.029895
4600		-0.030587
4610		-0.031184
4620		-0.031758
4630		-0.032487
4640		-0.033193
4650		-0.033689
4660		-0.033895
4670		-0.034094
4680		-0.034349
4690		-0.034519
4700		-0.034515
4710		-0.034429
4720		-0.034083
4730		-0.033577
4740		-0.033143
4750		-0.032815
4760		-0.032505
4770		-0.032142
4780		-0.031693
4790		-0.031142
4800		-0.030550
4810		-0.030072
4820		-0.029533
4830		-0.028996
4840		-0.028408
4850		-0.027858
4860		-0.027292
4870		-0.026712
4880		-0.026108
4890		-0.025514
4900		-0.024993
4910		-0.024419
4920		-0.023802
4930		-0.023145
4940		-0.022582
4950		-0.021873
4960		-0.021149
4970		-0.020359
4980		-0.019539
4990		-0.018781
5000		-0.017953
5010		-0.017152
5020		-0.016482
5030		-0.015949
5040		-0.015324
5050		-0.014843
5060		-0.014308
5070		-0.013714
5080		-0.013067
5090		-0.012230
5100		-0.011399
5110		-0.010597
5120		-0.009881
5130		-0.009035
5140		-0.008240
5150		-0.007484
5160		-0.006926
5170		-0.006526
5180		-0.006130
5190		-0.005893
5200		-0.005598
5210		-0.005366
5220		-0.005305
5230		-0.005310
5240		-0.005240
5250		-0.005064
5260		-0.004922
5270		-0.004731
5280		-0.004260
5290		-0.003694
5300		-0.002988
5310		-0.002349
5320		-0.001676
5330		-0.001011
5340		-0.000194
5350		0.000859
5360		0.002038
5370		0.003253
5380		0.004424
5390		0.005631
5400		0.006796
5410		0.007958
5420		0.009139
5430		0.010202
5440		0.011188
5450		0.012114
5460		0.012928
5470		0.013694
5480		0.014279
5490		0.014593
5500		0.014703
5510		0.014810
5520		0.014917
5530		0.015039
5540		0.014932
5550		0.014716
5560		0.014366
5570		0.014117
5580		0.014004
5590		0.013797
5600		0.013552
5610		0.013368
5620		0.013321
5630		0.013361
5640		0.013589
5650		0.013815
5660		0.014040
5670		0.014053
5680		0.014021
5690		0.013995
5700		0.013811
5710		0.013491
5720		0.013033
5730		0.012582
5740		0.012225
5750		0.011875
5760		0.011507
5770		0.011346
5780		0.011292
5790		0.011242
5800		0.011214
5810		0.011176
5820		0.010971
5830		0.010744
5840		0.010760
5850		0.010920
5860		0.011318
5870		0.011690
5880		0.012172
5890		0.012452
5900		0.012878
5910		0.013322
5920		0.013753
5930		0.014276
5940		0.014791
5950		0.015298
5960		0.015781
5970		0.016291
5980		0.016754
5990		0.017260
6000		0.017531
6010		0.017778
6020		0.018159
6030		0.018341
6040		0.018355
6050		0.018263
6060		0.018201
6070		0.018115
6080		0.018086
6090		0.017846
6100		0.017663
6110		0.017554
6120		0.017424
6130		0.017359
6140		0.017277
6150		0.017201
6160		0.017200
6170		0.017297
6180		0.017220
6190		0.017015
6200		0.016919
6210		0.016783
6220		0.016577
6230		0.016422
6240		0.016343
6250		0.016343
6260		0.016387
6270		0.016429
6280		0.016623
6290		0.016898
6300		0.017097
6310		0.017393
6320		0.017586
6330		0.017886
6340		0.018116
6350		0.018364
6360		0.018424
6370		0.018429
6380		0.018375
6390		0.018405
6400		0.018597
6410		0.018821
6420		0.018950
6430		0.019057
6440		0.019192
6450		0.019422
6460		0.019610
6470		0.019788
6480		0.019927
6490		0.020224
6500		0.020555
6510		0.020841
6520		0.020983
6530		0.020963
6540		0.020954
6550		0.020805
6560		0.020609
6570		0.020421
6580		0.020269
6590		0.020128
6600		0.020032
6610		0.019872
6620		0.019680
6630		0.019557
6640		0.019495
6650		0.019556
6660		0.019516
6670		0.019351
6680		0.019158
6690		0.019014
6700		0.018712
6710		0.018444
6720		0.018266
6730		0.018149
6740		0.018037
6750		0.017886
6760		0.017574
6770		0.017217
6780		0.016805
6790		0.016446
6800		0.016159
6810		0.015902
6820		0.015673
6830		0.015314
6840		0.015052
6850		0.014775
6860		0.014450
6870		0.014030
6880		0.013635
6890		0.013512
6900		0.013340
6910		0.013119
6920		0.013015
6930		0.013043
6940		0.013078
6950		0.012909
6960		0.012527
6970		0.012103
6980		0.011709
6990		0.011208
7000		0.010768
7010		0.010432
7020		0.010052
7030		0.009464
7040		0.008813
7050		0.008072
7060		0.007328
7070		0.006505
7080		0.005549
7090		0.004613
7100		0.003703
7110		0.002610
7120		0.001397
7130		0.000291
7140		-0.000761
7150		-0.001746
7160		-0.002646
7170		-0.003444
7180		-0.004323
7190		-0.005095
7200		-0.005790
7210		-0.006514
7220		-0.007159
7230		-0.007772
7240		-0.008230
7250		-0.008595
7260		-0.008903
7270		-0.009206
7280		-0.009507
7290		-0.009774
7300		-0.009953
7310		-0.010061
7320		-0.010080
7330		-0.010196
7340		-0.010505
7350		-0.011070
7360		-0.011513
7370		-0.011668
7380		-0.011831
7390		-0.011904
7400		-0.012083
7410		-0.012217
7420		-0.012367
7430		-0.012317
7440		-0.012291
7450		-0.012074
7460		-0.011817
7470		-0.011551
7480		-0.011113
7490		-0.010647
7500		-0.010063
7510		-0.009584
7520		-0.009034
7530		-0.008431
7540		-0.007946
7550		-0.007436
7560		-0.006785
7570		-0.006018
7580		-0.005100
7590		-0.004047
7600		-0.002766
7610		-0.001371
7620		-0.000035
7630		0.001296
7640		0.002463
7650		0.003531
7660		0.004561
7670		0.005742
7680		0.006824
7690		0.007856
7700		0.008861
7710		0.009948
7720		0.010864
7730		0.011787
7740		0.012783
7750		0.013816
7760		0.014996
7770		0.016383
7780		0.017823
7790		0.019257
7800		0.020492
7810		0.021734
7820		0.023006
7830		0.024146
7840		0.025177
7850		0.026028
7860		0.026710
7870		0.027295
7880		0.027766
7890		0.028229
7900		0.028649
7910		0.029167
7920		0.029698
7930		0.030244
7940		0.030669
7950		0.031028
7960		0.031322
7970		0.031504
7980		0.031790
7990		0.032169
8000		0.032532
8010		0.032950
8020		0.033517
8030		0.034113
8040		0.034680
8050		0.035223
8060		0.035589
8070		0.035906
8080		0.036207
8090		0.036419
8100		0.036489
8110		0.036482
8120		0.036615
8130		0.036716
8140		0.036872
8150		0.037258
8160		0.037567
8170		0.037873
8180		0.038314
8190		0.038842
8200		0.039363
8210		0.039905
8220		0.040493
8230		0.041062
8240		0.041577
8250		0.042033
8260		0.042447
8270		0.042801
8280		0.043223
8290		0.043567
8300		0.043781
8310		0.044093
8320		0.044520
8330		0.044835
8340		0.045141
8350		0.045385
8360		0.045496
8370		0.045601
8380		0.045678
8390		0.045587
8400		0.045358
8410		0.045073
8420		0.044689
8430		0.044391
8440		0.044161
8450		0.043920
8460		0.043617
8470		0.043309
8480		0.042985
8490		0.042703
8500		0.042592
8510		0.042603
8520		0.042623
8530		0.042566
8540		0.042561
8550		0.042740
8560		0.042793
8570		0.042771
8580		0.042680
8590		0.042380
8600		0.042045
8610		0.041665
8620		0.041213
8630		0.040645
8640		0.039913
8650		0.039314
8660		0.038702
8670		0.038052
8680		0.037551
8690		0.036969
8700		0.036429
8710		0.035786
8720		0.035244
8730		0.034896
8740		0.034703
8750		0.034552
8760		0.034414
8770		0.034236
8780		0.034001
8790		0.033884
8800		0.033810
8810		0.033647
8820		0.033618
8830		0.033553
8840		0.033379
8850		0.033169
8860		0.032944
8870		0.032574
8880		0.032241
8890		0.031943
8900		0.031551
8910		0.031051
8920		0.030387
8930		0.029657
8940		0.029020
8950		0.028472
8960		0.027974
8970		0.027633
8980		0.027416
8990		0.027214
9000		0.027045
9010		0.026875
9020		0.026662
9030		0.026364
9040		0.025994
9050		0.025580
9060		0.025120
9070		0.024765
9080		0.024533
9090		0.024274
9100		0.023913
9110		0.023640
9120		0.023280
9130		0.023003
9140		0.022701
9150		0.022065
9160		0.021420
9170		0.021077
9180		0.020879
9190		0.020621
9200		0.020444
9210		0.020327
9220		0.020113
9230		0.019856
9240		0.019637
9250		0.019276
9260		0.018859
9270		0.018396
9280		0.017945
9290		0.017442
9300		0.016835
9310		0.016172
9320		0.015513
9330		0.014914
9340		0.014469
9350		0.014087
9360		0.013710
9370		0.013440
9380		0.013303
9390		0.013234
9400		0.013105
9410		0.013099
9420		0.012995
9430		0.012830
9440		0.012694
9450		0.012278
9460		0.011660
9470		0.010967
9480		0.010359
9490		0.009618
9500		0.008693
9510		0.007689
9520		0.006831
9530		0.006094
9540		0.005509
9550		0.005109
9560		0.005004
9570		0.004874
9580		0.004644
9590		0.004398
9600		0.004304
9610		0.004000
9620		0.003711
9630		0.003452
9640		0.003410
9650		0.003460
9660		0.003522
9670		0.003395
9680		0.003214
9690		0.002892
9700		0.002511
9710		0.002022
9720		0.001488
9730		0.001014
9740		0.000612
9750		-0.000064
9760		-0.000869
9770		-0.001742
9780		-0.002612
9790		-0.003372
9800		-0.004113
9810		-0.004868
9820		-0.005536
9830		-0.006393
9840		-0.007318
9850		-0.008144
9860		-0.008963
9870		-0.009690
9880		-0.010523
9890		-0.011394
9900		-0.012246
9910		-0.013121
9920		-0.013877
9930		-0.014438
9940		-0.014985
9950		-0.015577
9960		-0.016144
9970		-0.016676
9980		-0.017173
9990		-0.017553
10000		-0.017777
10010		-0.017955
10020		-0.017972
10030		-0.017927
10040		-0.017952
10050		-0.017821
10060		-0.017779
10070		-0.017837
10080		-0.017797
10090		-0.017580
10100		-0.017249
10110		-0.016911
10120		-0.016536
10130		-0.016051
10140		-0.015625
10150		-0.015353
10160		-0.015223
10170		-0.015320
10180		-0.015578
10190		-0.015859
10200		-0.016137
10210		-0.016485
10220		-0.016880
10230		-0.017266
10240		-0.017653
10250		-0.018038
10260		-0.018298
10270		-0.018412
10280		-0.018545
10290		-0.018678
10300		-0.018792
10310		-0.018645
10320		-0.018474
10330		-0.018549
10340		-0.018566
10350		-0.018670
10360		-0.018634
10370		-0.018547
10380		-0.018442
10390		-0.018432
10400		-0.018248
10410		-0.018227
10420		-0.018302
10430		-0.018384
10440		-0.018505
10450		-0.018514
10460		-0.018419
10470		-0.018285
10480		-0.018028
10490		-0.017824
10500		-0.017674
10510		-0.017653
10520		-0.017499
10530		-0.017230
10540		-0.017084
10550		-0.017135
10560		-0.017173
10570		-0.017092
10580		-0.017215
10590		-0.017330
10600		-0.017423
10610		-0.017584
10620		-0.017685
10630		-0.017486
10640		-0.017287
10650		-0.017088
10660		-0.016918
10670		-0.016615
10680		-0.016295
10690		-0.015837
10700		-0.015370
10710		-0.014953
10720		-0.014560
10730		-0.014000
10740		-0.013140
10750		-0.012274
10760		-0.011520
10770		-0.010800
10780		-0.010169
10790		-0.009446
10800		-0.008687
10810		-0.007936
10820		-0.007279
10830		-0.006670
10840		-0.005999
10850		-0.005355
10860		-0.004630
10870		-0.004017
10880		-0.003398
10890		-0.002776
10900		-0.002133
10910		-0.001456
10920		-0.000876
10930		-0.000328
10940		0.000227
10950		0.000825
10960		0.001251
10970		0.001510
10980		0.001655
10990		0.001719
11000		0.001896
11010		0.001933
11020		0.001834
11030		0.001693
11040		0.001310
11050		0.001064
11060		0.000900
11070		0.000785
11080		0.000602
11090		0.000227
11100		-0.000063
11110		-0.000284
11120		-0.000388
11130		-0.000523
11140		-0.000910
11150		-0.001373
11160		-0.001805
11170		-0.002220
11180		-0.002708
11190		-0.003266
11200		-0.003935
11210		-0.004481
11220		-0.004883
11230		-0.005503
11240		-0.006212
11250		-0.006713
11260		-0.007032
11270		-0.007395
11280		-0.007774
11290		-0.007967
11300		-0.008194
11310		-0.008288
11320		-0.008414
11330		-0.008338
11340		-0.008248
11350		-0.008186
11360		-0.008204
11370		-0.008201
11380		-0.008132
11390		-0.007947
11400		-0.007888
11410		-0.007795
11420		-0.007490
11430		-0.006994
11440		-0.006539
11450		-0.006193
11460		-0.006089
11470		-0.006155
11480		-0.006234
11490		-0.006169
11500		-0.006045
11510		-0.005882
11520		-0.005590
11530		-0.005160
11540		-0.004598
11550		-0.004084
11560		-0.003738
11570		-0.003429
11580		-0.003097
11590		-0.002643
11600		-0.002210
11610		-0.001605
11620		-0.000927
11630		-0.000312
11640		0.000195
11650		0.000871
11660		0.001527
11670		0.002317
11680		0.003215
11690		0.004161
11700		0.005230
11710		0.006313
11720		0.007501
11730		0.008812
11740		0.010208
11750		0.011569
11760		0.012914
11770		0.014299
11780		0.015680
11790		0.016825
11800		0.017729
11810		0.018505
11820		0.019310
11830		0.019964
11840		0.020482
11850		0.020983
11860		0.021476
11870		0.021994
11880		0.022607
11890		0.023257
11900		0.023821
11910		0.024461
11920		0.025180
11930		0.025826
11940		0.026411
11950		0.027180
11960		0.027909
11970		0.028655
11980		0.029299
11990		0.029816
12000		0.030351
12010		0.030833
12020		0.031221
12030		0.031512
12040		0.031592
12050		0.031453
12060		0.031189
12070		0.030736
12080		0.030333
12090		0.029765
12100		0.029279
12110		0.028970
12120		0.028759
12130		0.028535
12140		0.028083
12150		0.027407
12160		0.026714
12170		0.025995
12180		0.025398
12190		0.024951
12200		0.024553
12210		0.024131
12220		0.023747
12230		0.023134
12240		0.022611
12250		0.022168
12260		0.021794
12270		0.021384
12280		0.020964
12290		0.020485
12300		0.019994
12310		0.019669
12320		0.019355
12330		0.018848
12340		0.018201
12350		0.017536
12360		0.016838
12370		0.016101
12380		0.015277
12390		0.014252
12400		0.013194
12410		0.011983
12420		0.010813
12430		0.009856
12440		0.008982
12450		0.008313
12460		0.007789
12470		0.007449
12480		0.007235
12490		0.007005
12500		0.006781
12510		0.006677
12520		0.006569
12530		0.006308
12540		0.006020
12550		0.005647
12560		0.005319
12570		0.004870
12580		0.004397
12590		0.004097
12600		0.004018
12610		0.003871
12620		0.003710
12630		0.003389
12640		0.002857
12650		0.002227
12660		0.001593
12670		0.000908
12680		0.000086
12690		-0.000607
12700		-0.001252
12710		-0.001759
12720		-0.002249
12730		-0.002454
12740		-0.002470
12750		-0.002469
12760		-0.002411
12770		-0.002386
12780		-0.002347
12790		-0.002209
12800		-0.001875
12810		-0.001470
12820		-0.001225
12830		-0.001051
12840		-0.000902
12850		-0.000717
12860		-0.000673
12870		-0.000665
12880		-0.000633
12890		-0.000617
12900		-0.000458
12910		-0.000302
12920		-0.000287
12930		-0.000392
12940		-0.000368
12950		-0.000343
12960		-0.000214
12970		-0.000159
12980		-0.000228
12990		-0.000396
13000		-0.000572
13010		-0.000543
13020		-0.000511
13030		-0.000465
13040		-0.000304
13050		0.000122
13060		0.000652
13070		0.001279
13080		0.002025
13090		0.002711
13100		0.003329
13110		0.003944
13120		0.004569
13130		0.005150
13140		0.005508
13150		0.005672
13160		0.005850
13170		0.005770
13180		0.005537
13190		0.005344
13200		0.005131
13210		0.004884
13220		0.004593
13230		0.004317
13240		0.004035
13250		0.003758
13260		0.003595
13270		0.003520
13280		0.003504
13290		0.003409
13300		0.003218
13310		0.003063
13320		0.002920
13330		0.002806
13340		0.002696
13350		0.002474
13360		0.002445
13370		0.002541
13380		0.002679
13390		0.002763
13400		0.002922
13410		0.003064
13420		0.003283
13430		0.003463
13440		0.003487
13450		0.003506
13460		0.003440
13470		0.003311
13480		0.003091
13490		0.002976
13500		0.002915
13510		0.002770
13520		0.002588
13530		0.002432
13540		0.002278
13550		0.002164
13560		0.002134
13570		0.001989
13580		0.001757
13590		0.001534
13600		0.001339
13610		0.001198
13620		0.000929
13630		0.000464
13640		0.000005
13650		-0.000138
13660		-0.000348
13670		-0.000719
13680		-0.001088
13690		-0.001534
13700		-0.001911
13710		-0.002306
13720		-0.002650
13730		-0.003020
13740		-0.003354
13750		-0.003741
13760		-0.004140
13770		-0.004390
13780		-0.004633
13790		-0.004775
13800		-0.004910
13810		-0.005017
13820		-0.005226
13830		-0.005473
13840		-0.005893
13850		-0.006332
13860		-0.006661
13870		-0.006917
13880		-0.007479
13890		-0.008141
13900		-0.008939
13910		-0.009686
13920		-0.010341
13930		-0.011064
13940		-0.011773
13950		-0.012694
13960		-0.013627
13970		-0.014487
13980		-0.015142
13990		-0.015671
14000		-0.016305
14010		-0.017032
14020		-0.017746
14030		-0.018354
14040		-0.019053
14050		-0.019719
14060		-0.020488
14070		-0.021202
14080		-0.021942
14090		-0.022631
14100		-0.023407
14110		-0.024187
14120		-0.024704
14130		-0.024915
14140		-0.024959
14150		-0.024723
14160		-0.024519
14170		-0.024316
14180		-0.024024
14190		-0.023564
14200		-0.023066
14210		-0.022624
14220		-0.022208
14230		-0.021683
14240		-0.021277
14250		-0.021043
14260		-0.020992
14270		-0.020875
14280		-0.020901
14290		-0.020987
14300		-0.021034
14310		-0.021094
14320		-0.021178
14330		-0.021225
14340		-0.021120
14350		-0.020883
14360		-0.020572
14370		-0.020204
14380		-0.019686
14390		-0.018982
14400		-0.018164
14410		-0.017397
14420		-0.016619
14430		-0.015870
14440		-0.015231
14450		-0.014712
14460		-0.014140
14470		-0.013493
14480		-0.012803
14490		-0.012167
14500		-0.011584
14510		-0.011028
14520		-0.010272
14530		-0.009518
14540		-0.008673
14550		-0.007848
14560		-0.007044
14570		-0.006449
14580		-0.006078
14590		-0.005607
14600		-0.005333
14610		-0.005148
14620		-0.005033
14630		-0.004914
14640		-0.004680
14650		-0.004424
14660		-0.004217
14670		-0.003714
14680		-0.003156
14690		-0.002645
14700		-0.002259
14710		-0.001911
14720		-0.001658
14730		-0.001518
14740		-0.001485
14750		-0.001487
14760		-0.001285
14770		-0.001102
14780		-0.000706
14790		-0.000228
14800		0.000113
14810		0.000291
14820		0.000196
14830		-0.000012
14840		-0.000317
14850		-0.000460
14860		-0.000696
14870		-0.000973
14880		-0.001189
14890		-0.001319
14900		-0.001336
14910		-0.001314
14920		-0.001279
14930		-0.001063
14940		-0.000905
14950		-0.000836
14960		-0.000849
14970		-0.000741
14980		-0.000586
14990		-0.000447
15000		-0.000143
15010		0.000284
15020		0.000681
15030		0.000967
15040		0.001188
15050		0.001389
15060		0.001618
15070		0.001897
15080		0.002346
15090		0.002846
15100		0.003378
15110		0.003945
15120		0.004518
15130		0.005033
15140		0.005537
15150		0.005966
15160		0.006380
15170		0.006862
15180		0.007139
15190		0.007422
15200		0.007521
15210		0.007620
15220		0.007717
15230		0.008109
15240		0.008533
15250		0.008944
15260		0.009300
15270		0.009410
15280		0.009387
15290		0.009337
15300		0.009164
15310		0.008971
15320		0.008683
15330		0.008406
15340		0.008199
15350		0.008013
15360		0.007745
15370		0.007367
15380		0.006959
15390		0.006636
15400		0.006532
15410		0.006376
15420		0.006141
15430		0.005775
15440		0.005550
15450		0.005360
15460		0.005192
15470		0.005324
15480		0.005577
15490		0.005939
15500		0.006137
15510		0.006399
15520		0.006703
15530		0.007024
15540		0.007508
15550		0.008094
15560		0.008723
15570		0.009410
15580		0.010057
15590		0.010812
15600		0.011591
15610		0.012324
15620		0.013110
15630		0.013652
15640		0.013991
15650		0.014190
15660		0.014455
15670		0.014603
15680		0.014716
15690		0.014696
15700		0.014665
15710		0.014457
15720		0.014361
15730		0.014284
15740		0.014238
15750		0.014103
15760		0.013952
15770		0.013883
15780		0.013708
15790		0.013207
15800		0.012661
15810		0.012117
15820		0.011637
15830		0.011157
15840		0.010508
15850		0.009734
15860		0.008672
15870		0.007250
15880		0.005560
15890		0.003899
15900		0.002164
15910		0.000347
15920		-0.001412
15930		-0.003174
15940		-0.004820
15950		-0.006303
15960		-0.007763
15970		-0.009120
15980		-0.010430
15990		-0.011756
16000		-0.012928
16010		-0.014136
16020		-0.015066
16030		-0.015968
16040		-0.016709
16050		-0.017170
16060		-0.017565
16070		-0.017673
16080		-0.017682
16090		-0.017562
16100		-0.017176
16110		-0.016407
16120		-0.015595
16130		-0.014635
16140		-0.013708
16150		-0.012941
16160		-0.012270
16170		-0.011749
16180		-0.011301
16190		-0.010972
16200		-0.010840
16210		-0.010759
16220		-0.010680
16230		-0.010540
16240		-0.010566
16250		-0.010800
16260		-0.011028
16270		-0.011360
16280		-0.011721
16290		-0.011862
16300		-0.012089
16310		-0.012144
16320		-0.012217
16330		-0.012243
16340		-0.012206
16350		-0.012181
16360		-0.012117
16370		-0.011970
16380		-0.011916
16390		-0.011827
16400		-0.011575
16410		-0.011302
16420		-0.010917
16430		-0.010390
16440		-0.009797
16450		-0.009286
16460		-0.008929
16470		-0.008789
16480		-0.008536
16490		-0.008239
16500		-0.007983
16510		-0.007865
16520		-0.007663
16530		-0.007307
16540		-0.007075
16550		-0.007096
16560		-0.007280
16570		-0.007300
16580		-0.007371
16590		-0.007548
16600		-0.007645
16610		-0.007743
16620		-0.007670
16630		-0.007548
16640		-0.007393
16650		-0.007152
16660		-0.006808
16670		-0.006514
16680		-0.006079
16690		-0.005653
16700		-0.005220
16710		-0.004969
16720		-0.004653
16730		-0.004485
16740		-0.004392
16750		-0.004230
16760		-0.003938
16770		-0.003741
16780		-0.003504
16790		-0.003312
16800		-0.003112
16810		-0.003031
16820		-0.003097
16830		-0.003103
16840		-0.003180
16850		-0.003356
16860		-0.003409
16870		-0.003364
16880		-0.003390
16890		-0.003529
16900		-0.003771
16910		-0.004125
16920		-0.004484
16930		-0.004827
16940		-0.005216
16950		-0.005530
16960		-0.005851
16970		-0.006183
16980		-0.006475
16990		-0.006652
17000		-0.007009
17010		-0.007397
17020		-0.007667
17030		-0.007830
17040		-0.007888
17050		-0.007877
17060		-0.007814
17070		-0.007839
17080		-0.007827
17090		-0.007642
17100		-0.007404
17110		-0.007162
17120		-0.006942
17130		-0.006792
17140		-0.006586
17150		-0.006292
17160		-0.006036
17170		-0.005777
17180		-0.005712
17190		-0.005582
17200		-0.005388
17210		-0.005171
17220		-0.004946
17230		-0.004713
17240		-0.004605
17250		-0.004548
17260		-0.004537
17270		-0.004588
17280		-0.004661
17290		-0.004693
17300		-0.004779
17310		-0.005021
17320		-0.005266
17330		-0.005492
17340		-0.005939
17350		-0.006304
17360		-0.006501
17370		-0.006728
17380		-0.006994
17390		-0.007268
17400		-0.007541
17410		-0.007970
17420		-0.008374
17430		-0.008803
17440		-0.009186
17450		-0.009530
17460		-0.009788
17470		-0.009954
17480		-0.010099
17490		-0.010107
17500		-0.010195
17510		-0.010158
17520		-0.010066
17530		-0.009840
17540		-0.009752
17550		-0.009589
17560		-0.009424
17570		-0.009163
17580		-0.008828
17590		-0.008495
17600		-0.008080
17610		-0.007766
17620		-0.007526
17630		-0.007364
17640		-0.007302
17650		-0.007021
17660		-0.006690
17670		-0.006436
17680		-0.006289
17690		-0.005976
17700		-0.005628
17710		-0.005449
17720		-0.005253
17730		-0.005073
17740		-0.004851
17750		-0.004741
17760		-0.004612
17770		-0.004372
17780		-0.004174
17790		-0.004066
17800		-0.003655
17810		-0.003185
17820		-0.002596
17830		-0.002136
17840		-0.001744
17850		-0.001318
17860		-0.000967
17870		-0.000625
17880		-0.000332
17890		-0.000020
17900		0.000259
17910		0.000607
17920		0.001102
17930		0.001641
17940		0.002021
17950		0.002298
17960		0.002501
17970		0.002556
17980		0.002651
17990		0.002899
18000		0.003030
18010		0.003104
18020		0.003265
18030		0.003350
18040		0.003485
18050		0.003663
18060		0.003815
18070		0.003894
18080		0.003764
18090		0.003621
18100		0.003548
18110		0.003512
18120		0.003348
18130		0.003113
18140		0.002873
18150		0.002402
18160		0.001871
18170		0.001360
18180		0.000927
18190		0.000281
18200		-0.000286
18210		-0.000909
18220		-0.001628
18230		-0.002216
18240		-0.002794
18250		-0.003534
18260		-0.004271
18270		-0.004861
18280		-0.005354
18290		-0.005788
18300		-0.006086
18310		-0.006245
18320		-0.006305
18330		-0.006487
18340		-0.006593
18350		-0.006610
18360		-0.006521
18370		-0.006241
18380		-0.005815
18390		-0.005330
18400		-0.004806
18410		-0.004350
18420		-0.003955
18430		-0.003516
18440		-0.003179
18450		-0.002851
18460		-0.002471
18470		-0.002188
18480		-0.001934
18490		-0.001666
18500		-0.001375
18510		-0.001141
18520		-0.000989
18530		-0.000712
18540		-0.000291
18550		0.000354
18560		0.000899
18570		0.001508
18580		0.002075
18590		0.002659
18600		0.003452
18610		0.004216
18620		0.004936
18630		0.005714
18640		0.006321
18650		0.006802
18660		0.007203
18670		0.007725
18680		0.008453
18690		0.009293
18700		0.010001
18710		0.010604
18720		0.011097
18730		0.011640
18740		0.012323
18750		0.012893
18760		0.013382
18770		0.013939
18780		0.014357
18790		0.014735
18800		0.015032
18810		0.015318
18820		0.015474
18830		0.015296
18840		0.014862
18850		0.014363
18860		0.013910
18870		0.013674
18880		0.013582
18890		0.013542
18900		0.013441
18910		0.013304
18920		0.013123
18930		0.013111
18940		0.013211
18950		0.013251
18960		0.013348
18970		0.013647
18980		0.013961
18990		0.014299
19000		0.014598
19010		0.014837
19020		0.015170
19030		0.015353
19040		0.015405
19050		0.015552
19060		0.015851
19070		0.016115
19080		0.016395
19090		0.016593
19100		0.016731
19110		0.016750
19120		0.016712
19130		0.016778
19140		0.017026
19150		0.017280
19160		0.017691
19170		0.018119
19180		0.018429
19190		0.018594
19200		0.018789
19210		0.019101
19220		0.019311
19230		0.019424
19240		0.019606
19250		0.020021
19260		0.020402
19270		0.020735
19280		0.021062
19290		0.021357
19300		0.021544
19310		0.021521
19320		0.021331
19330		0.020995
19340		0.020496
19350		0.019861
19360		0.019146
19370		0.018572
19380		0.018234
19390		0.017860
19400		0.017335
19410		0.016864
19420		0.016556
19430		0.016174
19440		0.015749
19450		0.015597
19460		0.015509
19470		0.015362
19480		0.015243
19490		0.015089
19500		0.014826
19510		0.014746
19520		0.014692
19530		0.014558
19540		0.014591
19550		0.014855
19560		0.015098
19570		0.015111
19580		0.014920
19590		0.014812
19600		0.014798
19610		0.014758
19620		0.014602
19630		0.014418
19640		0.014413
19650		0.014537
19660		0.014799
19670		0.015052
19680		0.015311
19690		0.015449
19700		0.015602
19710		0.015767
19720		0.015961
19730		0.016072
19740		0.016184
19750		0.016278
19760		0.016320
19770		0.016241
19780		0.016148
19790		0.016023
19800		0.015869
19810		0.015541
19820		0.015085
19830		0.014663
19840		0.014123
19850		0.013657
19860		0.013277
19870		0.012968
19880		0.012543
19890		0.012197
19900		0.011845
19910		0.011470
19920		0.011186
19930		0.011074
19940		0.011038
19950		0.011137
19960		0.011338
19970		0.011489
19980		0.011577
19990		0.011735
