k		corr_k
0		1.000000
10		0.999048
20		0.998071
30		0.997108
40		0.996161
50		0.995230
60		0.994308
70		0.993361
80		0.992385
90		0.991472
100		0.990553
110		0.989656
120		0.988745
130		0.987820
140		0.986930
150		0.986054
160		0.985194
170		0.984339
180		0.983470
190		0.982556
200		0.981645
210		0.980805
220		0.979954
230		0.979099
240		0.978240
250		0.977391
260		0.976558
270		0.975744
280		0.974914
290		0.974085
300		0.973238
310		0.972380
320		0.971561
330		0.970771
340		0.969995
350		0.969222
360		0.968442
370		0.967660
380		0.966887
390		0.966112
400		0.965348
410		0.964588
420		0.963832
430		0.963076
440		0.962361
450		0.961631
460		0.960911
470		0.960218
480		0.959509
490		0.958809
500		0.958143
510		0.957463
520		0.956761
530		0.956037
540		0.955354
550		0.954682
560		0.954026
570		0.953358
580		0.952727
590		0.952075
600		0.951436
610		0.950762
620		0.950092
630		0.949450
640		0.948810
650		0.948150
660		0.947518
670		0.946892
680		0.946297
690		0.945688
700		0.945085
710		0.944472
720		0.943841
730		0.943203
740		0.942562
750		0.941916
760		0.941292
770		0.940688
780		0.940086
790		0.939466
800		0.938839
810		0.938209
820		0.937617
830		0.937039
840		0.936468
850		0.935899
860		0.935317
870		0.934714
880		0.934084
890		0.933467
900		0.932854
910		0.932235
920		0.931631
930		0.931053
940		0.930521
950		0.930003
960		0.929464
970		0.928903
980		0.928333
990		0.927808
1000		0.927264
1010		0.926723
1020		0.926192
1030		0.925683
1040		0.925141
1050		0.924623
1060		0.924121
1070		0.923621
1080		0.923113
1090		0.922600
1100		0.922103
1110		0.921641
1120		0.921186
1130		0.920727
1140		0.920300
1150		0.919873
1160		0.919413
1170		0.918979
1180		0.918507
1190		0.918039
1200		0.917608
1210		0.917178
1220		0.916726
1230		0.916241
1240		0.915775
1250		0.915321
1260		0.914912
1270		0.914504
1280		0.914067
1290		0.913639
1300		0.913250
1310		0.912884
1320		0.912509
1330		0.912135
1340		0.911755
1350		0.911372
1360		0.911011
1370		0.910629
1380		0.910233
1390		0.909820
1400		0.909427
1410		0.909015
1420		0.908600
1430		0.908185
1440		0.907786
1450		0.907414
1460		0.907070
1470		0.906703
1480		0.906341
1490		0.905978
1500		0.905560
1510		0.905117
1520		0.904694
1530		0.904281
1540		0.903843
1550		0.903397
1560		0.902952
1570		0.902544
1580		0.902134
1590		0.901704
1600		0.901311
1610		0.900948
1620		0.900548
1630		0.900144
1640		0.899757
1650		0.899399
1660		0.899050
1670		0.898730
1680		0.898378
1690		0.897993
1700		0.897624
1710		0.897290
1720		0.896939
1730		0.896581
1740		0.896214
1750		0.895877
1760		0.895537
1770		0.895203
1780		0.894870
1790		0.894572
1800		0.894265
1810		0.893976
1820		0.893667
1830		0.893369
1840		0.893062
1850		0.892769
1860		0.892450
1870		0.892127
1880		0.891778
1890		0.891433
1900		0.891065
1910		0.890703
1920		0.890353
1930		0.890012
1940		0.889676
1950		0.889359
1960		0.889026
1970		0.888683
1980		0.888315
1990		0.887933
2000		0.887572
2010		0.887228
2020		0.886906
2030		0.886585
2040		0.886243
2050		0.885877
2060		0.885547
2070		0.885241
2080		0.884882
2090		0.884512
2100		0.884141
2110		0.883762
2120		0.883410
2130		0.883081
2140		0.882791
2150		0.882501
2160		0.882195
2170		0.881866
2180		0.881528
2190		0.881189
2200		0.880864
2210		0.880555
2220		0.880286
2230		0.880011
2240		0.879724
2250		0.879441
2260		0.879169
2270		0.878864
2280		0.878545
2290		0.878196
2300		0.877856
2310		0.877557
2320		0.877252
2330		0.876950
2340		0.876645
2350		0.876372
2360		0.876094
2370		0.875807
2380		0.875511
2390		0.875189
2400		0.874892
2410		0.874612
2420		0.874343
2430		0.874059
2440		0.873743
2450		0.873443
2460		0.873154
2470		0.872859
2480		0.872558
2490		0.872291
2500		0.872043
2510		0.871764
2520		0.871508
2530		0.871256
2540		0.870994
2550		0.870723
2560		0.870455
2570		0.870211
2580		0.869934
2590		0.869695
2600		0.869436
2610		0.869181
2620		0.868947
2630		0.868724
2640		0.868505
2650		0.868303
2660		0.868084
2670		0.867895
2680		0.867678
2690		0.867429
2700		0.867172
2710		0.866914
2720		0.866679
2730		0.866437
2740		0.866226
2750		0.866038
2760		0.865821
2770		0.865602
2780		0.865395
2790		0.865216
2800		0.865013
2810		0.864814
2820		0.864627
2830		0.864464
2840		0.864310
2850		0.864145
2860		0.863929
2870		0.863688
2880		0.863498
2890		0.863341
2900		0.863171
2910		0.862982
2920		0.862802
2930		0.862615
2940		0.862411
2950		0.862225
2960		0.862034
2970		0.861842
2980		0.861642
2990		0.861448
3000		0.861272
3010		0.861076
3020		0.860876
3030		0.860678
3040		0.860505
3050		0.860354
3060		0.860184
3070		0.860021
3080		0.859812
3090		0.859619
3100		0.859455
3110		0.859310
3120		0.859210
3130		0.859127
3140		0.859028
3150		0.858912
3160		0.858784
3170		0.858687
3180		0.858593
3190		0.858467
3200		0.858324
3210		0.858168
3220		0.858012
3230		0.857871
3240		0.857736
3250		0.857588
3260		0.857466
3270		0.857341
3280		0.857242
3290		0.857126
3300		0.857020
3310		0.856886
3320		0.856773
3330		0.856646
3340		0.856503
3350		0.856372
3360		0.856221
3370		0.856091
3380		0.855976
3390		0.855894
3400		0.855771
3410		0.855663
3420		0.855564
3430		0.855471
3440		0.855369
3450		0.855281
3460		0.855175
3470		0.855044
3480		0.854948
3490		0.854836
3500		0.854696
3510		0.854547
3520		0.854407
3530		0.854276
3540		0.854132
3550		0.853967
3560		0.853816
3570		0.853683
3580		0.853578
3590		0.853462
3600		0.853342
3610		0.853215
3620		0.853082
3630		0.852921
3640		0.852731
3650		0.852563
3660		0.852421
3670		0.852302
3680		0.852173
3690		0.852066
3700		0.851936
3710		0.851802
3720		0.851692
3730		0.851590
3740		0.851493
3750		0.851376
3760		0.851227
3770		0.851098
3780		0.850963
3790		0.850861
3800		0.850741
3810		0.850567
3820		0.850406
3830		0.850286
3840		0.850150
3850		0.850017
3860		0.849896
3870		0.849744
3880		0.849599
3890		0.849442
3900		0.849296
3910		0.849170
3920		0.849019
3930		0.848866
3940		0.848675
3950		0.848486
3960		0.848312
3970		0.848143
3980		0.847968
3990		0.847774
4000		0.847593
4010		0.847443
4020		0.847301
4030		0.847185
4040		0.847035
4050		0.846826
4060		0.846629
4070		0.846462
4080		0.846300
4090		0.846116
4100		0.845970
4110		0.845852
4120		0.845752
4130		0.845628
4140		0.845475
4150		0.845311
4160		0.845138
4170		0.844983
4180		0.844846
4190		0.844703
4200		0.844568
4210		0.844453
4220		0.844325
4230		0.844211
4240		0.844107
4250		0.844008
4260		0.843908
4270		0.843804
4280		0.843671
4290		0.843514
4300		0.843347
4310		0.843154
4320		0.842949
4330		0.842736
4340		0.842531
4350		0.842349
4360		0.842180
4370		0.841972
4380		0.841780
4390		0.841573
4400		0.841383
4410		0.841217
4420		0.841024
4430		0.840822
4440		0.840616
4450		0.840391
4460		0.840196
4470		0.839971
4480		0.839740
4490		0.839516
4500		0.839288
4510		0.839090
4520		0.838876
4530		0.838663
4540		0.838424
4550		0.838191
4560		0.837935
4570		0.837701
4580		0.837508
4590		0.837334
4600		0.837162
4610		0.836976
4620		0.836783
4630		0.836578
4640		0.836392
4650		0.836212
4660		0.836049
4670		0.835862
4680		0.835664
4690		0.835501
4700		0.835352
4710		0.835193
4720		0.835004
4730		0.834798
4740		0.834602
4750		0.834411
4760		0.834231
4770		0.834061
4780		0.833894
4790		0.833766
4800		0.833621
4810		0.833462
4820		0.833307
4830		0.833146
4840		0.832952
4850		0.832765
4860		0.832601
4870		0.832444
4880		0.832285
4890		0.832130
4900		0.832011
4910		0.831911
4920		0.831807
4930		0.831710
4940		0.831619
4950		0.831545
4960		0.831461
4970		0.831359
4980		0.831228
4990		0.831111
5000		0.830971
5010		0.830846
5020		0.830740
5030		0.830628
5040		0.830512
5050		0.830346
5060		0.830181
5070		0.830019
5080		0.829834
5090		0.829651
5100		0.829462
5110		0.829308
5120		0.829157
5130		0.829024
5140		0.828885
5150		0.828770
5160		0.828651
5170		0.828550
5180		0.828423
5190		0.828270
5200		0.828111
5210		0.827983
5220		0.827877
5230		0.827764
5240		0.827662
5250		0.827536
5260		0.827409
5270		0.827260
5280		0.827086
5290		0.826925
5300		0.826789
5310		0.826668
5320		0.826521
5330		0.826378
5340		0.826244
5350		0.826125
5360		0.825975
5370		0.825815
5380		0.825671
5390		0.825519
5400		0.825376
5410		0.825231
5420		0.825084
5430		0.824952
5440		0.824854
5450		0.824762
5460		0.824679
5470		0.824583
5480		0.824461
5490		0.824337
5500		0.824223
5510		0.824107
5520		0.823990
5530		0.823888
5540		0.823818
5550		0.823753
5560		0.823681
5570		0.823603
5580		0.823518
5590		0.823438
5600		0.823370
5610		0.823280
5620		0.823189
5630		0.823085
5640		0.822960
5650		0.822853
5660		0.822734
5670		0.822597
5680		0.822467
5690		0.822376
5700		0.822298
5710		0.822218
5720		0.822167
5730		0.822103
5740		0.822032
5750		0.821980
5760		0.821895
5770		0.821811
5780		0.821683
5790		0.821520
5800		0.821390
5810		0.821288
5820		0.821222
5830		0.821142
5840		0.821071
5850		0.821010
5860		0.820944
5870		0.820865
5880		0.820780
5890		0.820721
5900		0.820666
5910		0.820626
5920		0.820579
5930		0.820520
5940		0.820436
5950		0.820344
5960		0.820247
5970		0.820132
5980		0.820018
5990		0.819908
6000		0.819769
6010		0.819623
6020		0.819487
6030		0.819367
6040		0.819274
6050		0.819205
6060		0.819126
6070		0.819040
6080		0.818915
6090		0.818817
6100		0.818723
6110		0.818605
6120		0.818492
6130		0.818386
6140		0.818247
6150		0.818117
6160		0.817994
6170		0.817908
6180		0.817822
6190		0.817724
6200		0.817633
6210		0.817564
6220		0.817515
6230		0.817477
6240		0.817456
6250		0.817462
6260		0.817456
6270		0.817401
6280		0.817339
6290		0.817292
6300		0.817238
6310		0.817161
6320		0.817069
6330		0.816981
6340		0.816918
6350		0.816846
6360		0.816770
6370		0.816710
6380		0.816659
6390		0.816653
6400		0.816633
6410		0.816590
6420		0.816553
6430		0.816542
6440		0.816521
6450		0.816467
6460		0.816436
6470		0.816405
6480		0.816400
6490		0.816357
6500		0.816285
6510		0.816223
6520		0.816160
6530		0.816097
6540		0.816050
6550		0.816023
6560		0.815996
6570		0.815942
6580		0.815913
6590		0.815898
6600		0.815844
6610		0.815763
6620		0.815693
6630		0.815642
6640		0.815597
6650		0.815580
6660		0.815566
6670		0.815524
6680		0.815462
6690		0.815390
6700		0.815305
6710		0.815215
6720		0.815121
6730		0.815045
6740		0.814995
6750		0.814984
6760		0.814991
6770		0.814992
6780		0.814980
6790		0.814960
6800		0.814949
6810		0.814953
6820		0.814942
6830		0.814957
6840		0.814986
6850		0.815012
6860		0.815012
6870		0.815012
6880		0.815015
6890		0.815027
6900		0.815007
6910		0.814983
6920		0.814970
6930		0.814943
6940		0.814934
6950		0.814939
6960		0.814926
6970		0.814902
6980		0.814894
6990		0.814898
7000		0.814900
7010		0.814932
7020		0.814945
7030		0.814943
7040		0.814921
7050		0.814858
7060		0.814814
7070		0.814770
7080		0.814717
7090		0.814670
7100		0.814666
7110		0.814666
7120		0.814696
7130		0.814739
7140		0.814778
7150		0.814802
7160		0.814828
7170		0.814846
7180		0.814845
7190		0.814825
7200		0.814788
7210		0.814739
7220		0.814701
7230		0.814667
7240		0.814642
7250		0.814623
7260		0.814605
7270		0.814599
7280		0.814582
7290		0.814570
7300		0.814550
7310		0.814502
7320		0.814442
7330		0.814387
7340		0.814359
7350		0.814305
7360		0.814253
7370		0.814172
7380		0.814060
7390		0.814003
7400		0.813962
7410		0.813916
7420		0.813865
7430		0.813838
7440		0.813815
7450		0.813766
7460		0.813714
7470		0.813658
7480		0.813561
7490		0.813448
7500		0.813360
7510		0.813275
7520		0.813205
7530		0.813133
7540		0.813053
7550		0.812996
7560		0.812940
7570		0.812837
7580		0.812732
7590		0.812673
7600		0.812571
7610		0.812469
7620		0.812367
7630		0.812254
7640		0.812132
7650		0.811996
7660		0.811874
7670		0.811749
7680		0.811617
7690		0.811484
7700		0.811373
7710		0.811302
7720		0.811208
7730		0.811107
7740		0.811066
7750		0.811013
7760		0.810957
7770		0.810893
7780		0.810815
7790		0.810726
7800		0.810629
7810		0.810563
7820		0.810515
7830		0.810479
7840		0.810448
7850		0.810431
7860		0.810407
7870		0.810378
7880		0.810353
7890		0.810322
7900		0.810296
7910		0.810302
7920		0.810321
7930		0.810291
7940		0.810265
7950		0.810247
7960		0.810266
7970		0.810245
7980		0.810197
7990		0.810157
8000		0.810130
8010		0.810084
8020		0.810056
8030		0.809997
8040		0.809987
8050		0.809960
8060		0.809942
8070		0.809920
8080		0.809901
8090		0.809866
8100		0.809825
8110		0.809780
8120		0.809728
8130		0.809691
8140		0.809667
8150		0.809627
8160		0.809593
8170		0.809543
8180		0.809456
8190		0.809350
8200		0.809230
8210		0.809134
8220		0.809048
8230		0.808969
8240		0.808886
8250		0.808796
8260		0.808703
8270		0.808617
8280		0.808528
8290		0.808427
8300		0.808312
8310		0.808184
8320		0.808078
8330		0.807962
8340		0.807853
8350		0.807714
8360		0.807566
8370		0.807458
8380		0.807393
8390		0.807317
8400		0.807274
8410		0.807213
8420		0.807147
8430		0.807085
8440		0.806994
8450		0.806931
8460		0.806849
8470		0.806740
8480		0.806644
8490		0.806557
8500		0.806491
8510		0.806418
8520		0.806327
8530		0.806225
8540		0.806157
8550		0.806078
8560		0.806024
8570		0.805943
8580		0.805852
8590		0.805769
8600		0.805703
8610		0.805639
8620		0.805570
8630		0.805550
8640		0.805488
8650		0.805427
8660		0.805342
8670		0.805250
8680		0.805175
8690		0.805090
8700		0.805012
8710		0.804955
8720		0.804887
8730		0.804831
8740		0.804748
8750		0.804688
8760		0.804627
8770		0.804545
8780		0.804425
8790		0.804343
8800		0.804289
8810		0.804228
8820		0.804154
8830		0.804079
8840		0.803976
8850		0.803857
8860		0.803726
8870		0.803628
8880		0.803526
8890		0.803389
8900		0.803268
8910		0.803150
8920		0.803038
8930		0.802894
8940		0.802760
8950		0.802669
8960		0.802613
8970		0.802568
8980		0.802516
8990		0.802493
9000		0.802484
9010		0.802460
9020		0.802412
9030		0.802342
9040		0.802249
9050		0.802110
9060		0.801964
9070		0.801841
9080		0.801726
9090		0.801618
9100		0.801477
9110		0.801338
9120		0.801200
9130		0.801082
9140		0.801006
9150		0.800934
9160		0.800854
9170		0.800774
9180		0.800680
9190		0.800593
9200		0.800507
9210		0.800421
9220		0.800321
9230		0.800179
9240		0.800077
9250		0.799973
9260		0.799878
9270		0.799778
9280		0.799680
9290		0.799560
9300		0.799437
9310		0.799340
9320		0.799256
9330		0.799170
9340		0.799117
9350		0.799074
9360		0.799000
9370		0.798946
9380		0.798892
9390		0.798855
9400		0.798833
9410		0.798808
9420		0.798792
9430		0.798756
9440		0.798688
9450		0.798590
9460		0.798489
9470		0.798390
9480		0.798308
9490		0.798213
9500		0.798118
9510		0.798048
9520		0.798008
9530		0.797966
9540		0.797918
9550		0.797880
9560		0.797837
9570		0.797817
9580		0.797816
9590		0.797796
9600		0.797789
9610		0.797785
9620		0.797756
9630		0.797726
9640		0.797710
9650		0.797667
9660		0.797611
9670		0.797559
9680		0.797515
9690		0.797468
9700		0.797440
9710		0.797394
9720		0.797337
9730		0.797275
9740		0.797181
9750		0.797117
9760		0.797045
9770		0.796958
9780		0.796882
9790		0.796813
9800		0.796767
9810		0.796747
9820		0.796739
9830		0.796704
9840		0.796672
9850		0.796673
9860		0.796689
9870		0.796699
9880		0.796680
9890		0.796635
9900		0.796585
9910		0.796548
9920		0.796541
9930		0.796515
9940		0.796487
9950		0.796475
9960		0.796472
9970		0.796487
9980		0.796503
9990		0.796546
10000		0.796580
10010		0.796603
10020		0.796593
10030		0.796581
10040		0.796577
10050		0.796540
10060		0.796470
10070		0.796425
10080		0.796411
10090		0.796394
10100		0.796341
10110		0.796302
10120		0.796232
10130		0.796158
10140		0.796108
10150		0.796061
10160		0.796060
10170		0.796068
10180		0.796039
10190		0.795988
10200		0.795944
10210		0.795914
10220		0.795908
10230		0.795887
10240		0.795860
10250		0.795807
10260		0.795744
10270		0.795681
10280		0.795634
10290		0.795551
10300		0.795453
10310		0.795384
10320		0.795315
10330		0.795251
10340		0.795175
10350		0.795120
10360		0.795038
10370		0.794956
10380		0.794880
10390		0.794797
10400		0.794740
10410		0.794709
10420		0.794688
10430		0.794657
10440		0.794624
10450		0.794608
10460		0.794600
10470		0.794601
10480		0.794601
10490		0.794572
10500		0.794529
10510		0.794458
10520		0.794380
10530		0.794325
10540		0.794282
10550		0.794255
10560		0.794237
10570		0.794201
10580		0.794160
10590		0.794131
10600		0.794097
10610		0.794078
10620		0.794025
10630		0.793971
10640		0.793935
10650		0.793899
10660		0.793902
10670		0.793916
10680		0.793896
10690		0.793879
10700		0.793852
10710		0.793825
10720		0.793802
10730		0.793799
10740		0.793828
10750		0.793849
10760		0.793852
10770		0.793810
10780		0.793767
10790		0.793738
10800		0.793728
10810		0.793719
10820		0.793716
10830		0.793714
10840		0.793728
10850		0.793717
10860		0.793727
10870		0.793732
10880		0.793732
10890		0.793773
10900		0.793796
10910		0.793806
10920		0.793779
10930		0.793731
10940		0.793702
10950		0.793677
10960		0.793647
10970		0.793628
10980		0.793638
10990		0.793662
11000		0.793658
11010		0.793625
11020		0.793587
11030		0.793531
11040		0.793474
11050		0.793417
11060		0.793367
11070		0.793358
11080		0.793367
11090		0.793342
11100		0.793324
11110		0.793281
11120		0.793240
11130		0.793201
11140		0.793165
11150		0.793125
11160		0.793084
11170		0.793055
11180		0.793030
11190		0.793005
11200		0.792947
11210		0.792889
11220		0.792845
11230		0.792749
11240		0.792674
11250		0.792618
11260		0.792607
11270		0.792596
11280		0.792589
11290		0.792573
11300		0.792569
11310		0.792510
11320		0.792439
11330		0.792393
11340		0.792367
11350		0.792337
11360		0.792288
11370		0.792246
11380		0.792205
11390		0.792167
11400		0.792154
11410		0.792162
11420		0.792183
11430		0.792192
11440		0.792191
11450		0.792192
11460		0.792198
11470		0.792199
11480		0.792188
11490		0.792201
11500		0.792204
11510		0.792206
11520		0.792190
11530		0.792176
11540		0.792162
11550		0.792144
11560		0.792150
11570		0.792147
11580		0.792148
11590		0.792126
11600		0.792096
11610		0.792043
11620		0.792004
11630		0.791976
11640		0.791940
11650		0.791875
11660		0.791846
11670		0.791838
11680		0.791797
11690		0.791766
11700		0.791730
11710		0.791681
11720		0.791642
11730		0.791597
11740		0.791544
11750		0.791457
11760		0.791351
11770		0.791233
11780		0.791138
11790		0.791041
11800		0.790950
11810		0.790873
11820		0.790769
11830		0.790637
11840		0.790505
11850		0.790398
11860		0.790264
11870		0.790114
11880		0.789953
11890		0.789808
11900		0.789663
11910		0.789523
11920		0.789396
11930		0.789288
11940		0.789202
11950		0.789120
11960		0.789038
11970		0.788934
11980		0.788799
11990		0.788647
12000		0.788505
12010		0.788402
12020		0.788281
12030		0.788170
12040		0.788066
12050		0.787985
12060		0.787933
12070		0.787852
12080		0.787778
12090		0.787716
12100		0.787603
12110		0.787456
12120		0.787311
12130		0.787200
12140		0.787094
12150		0.787010
12160		0.786925
12170		0.786831
12180		0.786728
12190		0.786573
12200		0.786448
12210		0.786340
12220		0.786242
12230		0.786113
12240		0.785994
12250		0.785877
12260		0.785756
12270		0.785671
12280		0.785622
12290		0.785564
12300		0.785502
12310		0.785455
12320		0.785396
12330		0.785343
12340		0.785291
12350		0.785232
12360		0.785176
12370		0.785111
12380		0.785036
12390		0.784941
12400		0.784876
12410		0.784829
12420		0.784799
12430		0.784755
12440		0.784709
12450		0.784653
12460		0.784621
12470		0.784609
12480		0.784582
12490		0.784525
12500		0.784468
12510		0.784425
12520		0.784361
12530		0.784269
12540		0.784190
12550		0.784146
12560		0.784106
12570		0.784044
12580		0.783975
12590		0.783902
12600		0.783840
12610		0.783808
12620		0.783758
12630		0.783730
12640		0.783723
12650		0.783704
12660		0.783682
12670		0.783656
12680		0.783634
12690		0.783596
12700		0.783553
12710		0.783503
12720		0.783486
12730		0.783476
12740		0.783464
12750		0.783445
12760		0.783421
12770		0.783414
12780		0.783402
12790		0.783385
12800		0.783363
12810		0.783338
12820		0.783327
12830		0.783330
12840		0.783312
12850		0.783290
12860		0.783273
12870		0.783234
12880		0.783225
12890		0.783228
12900		0.783212
12910		0.783172
12920		0.783118
12930		0.783061
12940		0.783021
12950		0.783009
12960		0.783017
12970		0.782987
12980		0.782974
12990		0.782979
13000		0.782924
13010		0.782877
13020		0.782848
13030		0.782815
13040		0.782781
13050		0.782752
13060		0.782726
13070		0.782716
13080		0.782690
13090		0.782645
13100		0.782641
13110		0.782632
13120		0.782617
13130		0.782577
13140		0.782523
13150		0.782435
13160		0.782364
13170		0.782312
13180		0.782272
13190		0.782248
13200		0.782245
13210		0.782220
13220		0.782191
13230		0.782145
13240		0.782085
13250		0.782038
13260		0.781987
13270		0.781938
13280		0.781886
13290		0.781806
13300		0.781704
13310		0.781630
13320		0.781568
13330		0.781492
13340		0.781410
13350		0.781346
13360		0.781273
13370		0.781231
13380		0.781221
13390		0.781199
13400		0.781174
13410		0.781112
13420		0.781081
13430		0.781067
13440		0.781047
13450		0.781035
13460		0.781002
13470		0.780941
13480		0.780912
13490		0.780875
13500		0.780880
13510		0.780856
13520		0.780843
13530		0.780855
13540		0.780850
13550		0.780822
13560		0.780789
13570		0.780785
13580		0.780779
13590		0.780774
13600		0.780789
13610		0.780793
13620		0.780805
13630		0.780807
13640		0.780800
13650		0.780811
13660		0.780815
13670		0.780820
13680		0.780828
13690		0.780831
13700		0.780855
13710		0.780894
13720		0.780892
13730		0.780864
13740		0.780843
13750		0.780788
13760		0.780795
13770		0.780797
13780		0.780768
13790		0.780726
13800		0.780746
13810		0.780789
13820		0.780844
13830		0.780874
13840		0.780918
13850		0.780938
13860		0.780936
13870		0.780941
13880		0.780904
13890		0.780897
13900		0.780895
13910		0.780880
13920		0.780885
13930		0.780890
13940		0.780897
13950		0.780910
13960		0.780900
13970		0.780894
13980		0.780905
13990		0.780929
14000		0.780951
14010		0.780968
14020		0.780983
14030		0.781005
14040		0.781033
14050		0.781069
14060		0.781110
14070		0.781122
14080		0.781117
14090		0.781100
14100		0.781062
14110		0.781015
14120		0.780998
14130		0.781005
14140		0.781033
14150		0.781074
14160		0.781137
14170		0.781207
14180		0.781245
14190		0.781277
14200		0.781321
14210		0.781356
14220		0.781374
14230		0.781378
14240		0.781413
14250		0.781469
14260		0.781508
14270		0.781525
14280		0.781532
14290		0.781527
14300		0.781521
14310		0.781491
14320		0.781460
14330		0.781440
14340		0.781449
14350		0.781458
14360		0.781465
14370		0.781470
14380		0.781490
14390		0.781543
14400		0.781614
14410		0.781701
14420		0.781749
14430		0.781781
14440		0.781808
14450		0.781823
14460		0.781831
14470		0.781837
14480		0.781832
14490		0.781815
14500		0.781808
14510		0.781834
14520		0.781866
14530		0.781912
14540		0.781955
14550		0.781991
14560		0.782048
14570		0.782111
14580		0.782165
14590		0.782175
14600		0.782189
14610		0.782182
14620		0.782176
14630		0.782181
14640		0.782194
14650		0.782217
14660		0.782225
14670		0.782176
14680		0.782117
14690		0.782056
14700		0.782009
14710		0.781966
14720		0.781932
14730		0.781910
14740		0.781891
14750		0.781871
14760		0.781848
14770		0.781812
14780		0.781780
14790		0.781745
14800		0.781729
14810		0.781695
14820		0.781636
14830		0.781553
14840		0.781467
14850		0.781406
14860		0.781333
14870		0.781254
14880		0.781183
14890		0.781129
14900		0.781101
14910		0.781070
14920		0.781031
14930		0.780977
14940		0.780933
14950		0.780919
14960		0.780907
14970		0.780827
14980		0.780734
14990		0.780657
15000		0.780596
15010		0.780552
15020		0.780495
15030		0.780416
15040		0.780323
15050		0.780266
15060		0.780207
15070		0.780146
15080		0.780076
15090		0.780026
15100		0.779990
15110		0.779966
15120		0.779947
15130		0.779922
15140		0.779902
15150		0.779898
15160		0.779861
15170		0.779818
15180		0.779792
15190		0.779759
15200		0.779701
15210		0.779656
15220		0.779601
15230		0.779543
15240		0.779488
15250		0.779440
15260		0.779399
15270		0.779326
15280		0.779251
15290		0.779196
15300		0.779166
15310		0.779138
15320		0.779076
15330		0.779017
15340		0.779016
15350		0.779007
15360		0.778984
15370		0.778957
15380		0.778929
15390		0.778893
15400		0.778861
15410		0.778832
15420		0.778799
15430		0.778761
15440		0.778728
15450		0.778687
15460		0.778625
15470		0.778541
15480		0.778472
15490		0.778406
15500		0.778372
15510		0.778319
15520		0.778265
15530		0.778193
15540		0.778103
15550		0.778015
15560		0.777960
15570		0.777909
15580		0.777819
15590		0.777729
15600		0.777638
15610		0.777555
15620		0.777452
15630		0.777335
15640		0.777229
15650		0.777146
15660		0.777063
15670		0.776962
15680		0.776873
15690		0.776750
15700		0.776615
15710		0.776492
15720		0.776383
15730		0.776278
15740		0.776211
15750		0.776151
15760		0.776064
15770		0.775948
15780		0.775811
15790		0.775685
15800		0.775567
15810		0.775439
15820		0.775326
15830		0.775188
15840		0.775068
15850		0.774978
15860		0.774909
15870		0.774818
15880		0.774721
15890		0.774624
15900		0.774478
15910		0.774318
15920		0.774184
15930		0.774050
15940		0.773911
15950		0.773785
15960		0.773670
15970		0.773516
15980		0.773337
15990		0.773152
16000		0.772994
16010		0.772871
16020		0.772750
16030		0.772600
16040		0.772428
16050		0.772271
16060		0.772103
16070		0.771931
16080		0.771779
16090		0.771641
16100		0.771523
16110		0.771401
16120		0.771264
16130		0.771161
16140		0.771047
16150		0.770881
16160		0.770687
16170		0.770509
16180		0.770322
16190		0.770136
16200		0.769924
16210		0.769737
16220		0.769560
16230		0.769395
16240		0.769248
16250		0.769117
16260		0.768980
16270		0.768842
16280		0.768694
16290		0.768537
16300		0.768346
16310		0.768135
16320		0.767927
16330		0.767779
16340		0.767664
16350		0.767518
16360		0.767346
16370		0.767183
16380		0.767047
16390		0.766920
16400		0.766760
16410		0.766618
16420		0.766497
16430		0.766391
16440		0.766287
16450		0.766180
16460		0.766053
16470		0.765938
16480		0.765786
16490		0.765653
16500		0.765523
16510		0.765404
16520		0.765280
16530		0.765128
16540		0.764991
16550		0.764848
16560		0.764703
16570		0.764568
16580		0.764444
16590		0.764319
16600		0.764222
16610		0.764114
16620		0.763981
16630		0.763890
16640		0.763798
16650		0.763715
16660		0.763659
16670		0.763582
16680		0.763496
16690		0.763413
16700		0.763306
16710		0.763161
16720		0.762994
16730		0.762845
16740		0.762708
16750		0.762563
16760		0.762414
16770		0.762284
16780		0.762162
16790		0.762059
16800		0.761990
16810		0.761905
16820		0.761825
16830		0.761711
16840		0.761619
16850		0.761523
16860		0.761417
16870		0.761322
16880		0.761213
16890		0.761117
16900		0.761052
16910		0.760988
16920		0.760894
16930		0.760795
16940		0.760698
16950		0.760615
16960		0.760537
16970		0.760454
16980		0.760384
16990		0.760337
17000		0.760290
17010		0.760243
17020		0.760189
17030		0.760111
17040		0.760024
17050		0.759911
17060		0.759779
17070		0.759656
17080		0.759537
17090		0.759465
17100		0.759399
17110		0.759310
17120		0.759232
17130		0.759159
17140		0.759072
17150		0.759014
17160		0.758963
17170		0.758930
17180		0.758908
17190		0.758831
17200		0.758733
17210		0.758644
17220		0.758560
17230		0.758448
17240		0.758339
17250		0.758246
17260		0.758134
17270		0.758006
17280		0.757850
17290		0.757689
17300		0.757562
17310		0.757467
17320		0.757357
17330		0.757240
17340		0.757140
17350		0.757050
17360		0.756935
17370		0.756827
17380		0.756719
17390		0.756643
17400		0.756552
17410		0.756460
17420		0.756373
17430		0.756307
17440		0.756231
17450		0.756174
17460		0.756134
17470		0.756075
17480		0.756013
17490		0.755951
17500		0.755869
17510		0.755765
17520		0.755661
17530		0.755567
17540		0.755480
17550		0.755392
17560		0.755315
17570		0.755258
17580		0.755175
17590		0.755077
17600		0.754987
17610		0.754923
17620		0.754877
17630		0.754821
17640		0.754739
17650		0.754650
17660		0.754579
17670		0.754545
17680		0.754506
17690		0.754436
17700		0.754379
17710		0.754320
17720		0.754258
17730		0.754211
17740		0.754145
17750		0.754085
17760		0.754021
17770		0.753979
17780		0.753938
17790		0.753894
17800		0.753848
17810		0.753814
17820		0.753783
17830		0.753767
17840		0.753740
17850		0.753692
17860		0.753638
17870		0.753591
17880		0.753562
17890		0.753536
17900		0.753515
17910		0.753498
17920		0.753481
17930		0.753468
17940		0.753458
17950		0.753438
17960		0.753432
17970		0.753421
17980		0.753397
17990		0.753359
18000		0.753369
18010		0.753359
18020		0.753363
18030		0.753388
18040		0.753409
18050		0.753413
18060		0.753413
18070		0.753407
18080		0.753411
18090		0.753422
18100		0.753432
18110		0.753401
18120		0.753386
18130		0.753374
18140		0.753360
18150		0.753354
18160		0.753377
18170		0.753420
18180		0.753454
18190		0.753487
18200		0.753540
18210		0.753583
18220		0.753565
18230		0.753552
18240		0.753551
18250		0.753581
18260		0.753617
18270		0.753653
18280		0.753711
18290		0.753734
18300		0.753768
18310		0.753845
18320		0.753927
18330		0.754008
18340		0.754094
18350		0.754149
18360		0.754139
18370		0.754167
18380		0.754193
18390		0.754233
18400		0.754244
18410		0.754250
18420		0.754246
18430		0.754281
18440		0.754330
18450		0.754374
18460		0.754413
18470		0.754466
18480		0.754527
18490		0.754575
18500		0.754606
18510		0.754618
18520		0.754637
18530		0.754646
18540		0.754653
18550		0.754655
18560		0.754678
18570		0.754696
18580		0.754717
18590		0.754748
18600		0.754774
18610		0.754798
18620		0.754834
18630		0.754863
18640		0.754915
18650		0.754959
18660		0.754992
18670		0.755011
18680		0.755003
18690		0.754994
18700		0.754990
18710		0.755012
18720		0.755027
18730		0.755025
18740		0.755051
18750		0.755105
18760		0.755120
18770		0.755104
18780		0.755103
18790		0.755126
18800		0.755164
18810		0.755185
18820		0.755213
18830		0.755259
18840		0.755273
18850		0.755302
18860		0.755337
18870		0.755373
18880		0.755396
18890		0.755400
18900		0.755393
18910		0.755440
18920		0.755492
18930		0.755503
18940		0.755492
18950		0.755483
18960		0.755460
18970		0.755461
18980		0.755470
18990		0.755465
19000		0.755461
19010		0.755462
19020		0.755475
19030		0.755474
19040		0.755493
19050		0.755522
19060		0.755535
19070		0.755549
19080		0.755555
19090		0.755568
19100		0.755587
19110		0.755587
19120		0.755568
19130		0.755550
19140		0.755527
19150		0.755491
19160		0.755451
19170		0.755396
19180		0.755346
19190		0.755320
19200		0.755324
19210		0.755331
19220		0.755343
19230		0.755345
19240		0.755333
19250		0.755291
19260		0.755228
19270		0.755121
19280		0.755033
19290		0.754964
19300		0.754922
19310		0.754877
19320		0.754846
19330		0.754802
19340		0.754784
19350		0.754762
19360		0.754763
19370		0.754728
19380		0.754672
19390		0.754624
19400		0.754563
19410		0.754515
19420		0.754500
19430		0.754477
19440		0.754430
19450		0.754361
19460		0.754330
19470		0.754307
19480		0.754303
19490		0.754264
19500		0.754202
19510		0.754135
19520		0.754066
19530		0.754012
19540		0.753997
19550		0.753957
19560		0.753893
19570		0.753808
19580		0.753759
19590		0.753718
19600		0.753680
19610		0.753647
19620		0.753621
19630		0.753589
19640		0.753537
19650		0.753489
19660		0.753420
19670		0.753360
19680		0.753312
19690		0.753260
19700		0.753213
19710		0.753216
19720		0.753196
19730		0.753164
19740		0.753128
19750		0.753082
19760		0.753027
19770		0.752980
19780		0.752918
19790		0.752870
19800		0.752816
19810		0.752768
19820		0.752686
19830		0.752611
19840		0.752536
19850		0.752444
19860		0.752379
19870		0.752316
19880		0.752275
19890		0.752217
19900		0.752138
19910		0.752052
19920		0.751978
19930		0.751889
19940		0.751807
19950		0.751779
19960		0.751735
19970		0.751690
19980		0.751639
19990		0.751599
