k		corr_k
0		1.000000
10		0.995418
20		0.990751
30		0.986032
40		0.981369
50		0.976756
60		0.972169
70		0.967553
80		0.962945
90		0.958398
100		0.953923
110		0.949472
120		0.945060
130		0.940686
140		0.936314
150		0.932089
160		0.927886
170		0.923740
180		0.919671
190		0.915596
200		0.911637
210		0.907668
220		0.903767
230		0.899895
240		0.896126
250		0.892384
260		0.888626
270		0.884904
280		0.881234
290		0.877509
300		0.873876
310		0.870290
320		0.866690
330		0.863157
340		0.859706
350		0.856291
360		0.852942
370		0.849607
380		0.846286
390		0.842970
400		0.839706
410		0.836552
420		0.833326
430		0.830078
440		0.826882
450		0.823689
460		0.820548
470		0.817345
480		0.814250
490		0.811219
500		0.808187
510		0.805220
520		0.802241
530		0.799356
540		0.796519
550		0.793635
560		0.790792
570		0.788024
580		0.785279
590		0.782535
600		0.779739
610		0.776961
620		0.774197
630		0.771433
640		0.768694
650		0.765930
660		0.763167
670		0.760414
680		0.757657
690		0.754908
700		0.752240
710		0.749550
720		0.746902
730		0.744240
740		0.741574
750		0.738905
760		0.736298
770		0.733762
780		0.731233
790		0.728679
800		0.726170
810		0.723697
820		0.721202
830		0.718649
840		0.716130
850		0.713657
860		0.711134
870		0.708644
880		0.706218
890		0.703745
900		0.701268
910		0.698820
920		0.696321
930		0.693849
940		0.691422
950		0.688920
960		0.686487
970		0.684129
980		0.681737
990		0.679299
1000		0.676925
1010		0.674679
1020		0.672422
1030		0.670184
1040		0.667917
1050		0.665685
1060		0.663478
1070		0.661324
1080		0.659184
1090		0.656986
1100		0.654797
1110		0.652640
1120		0.650506
1130		0.648398
1140		0.646239
1150		0.644057
1160		0.641867
1170		0.639731
1180		0.637564
1190		0.635393
1200		0.633260
1210		0.631154
1220		0.628982
1230		0.626751
1240		0.624542
1250		0.622366
1260		0.620233
1270		0.618117
1280		0.616065
1290		0.614084
1300		0.612050
1310		0.609970
1320		0.607898
1330		0.605911
1340		0.603947
1350		0.601971
1360		0.599948
1370		0.597979
1380		0.596054
1390		0.594074
1400		0.592189
1410		0.590340
1420		0.588524
1430		0.586719
1440		0.584908
1450		0.583057
1460		0.581257
1470		0.579456
1480		0.577623
1490		0.575842
1500		0.574070
1510		0.572295
1520		0.570551
1530		0.568777
1540		0.566964
1550		0.565159
1560		0.563356
1570		0.561582
1580		0.559795
1590		0.558036
1600		0.556306
1610		0.554592
1620		0.552867
1630		0.551182
1640		0.549463
1650		0.547798
1660		0.546165
1670		0.544511
1680		0.542898
1690		0.541266
1700		0.539665
1710		0.538050
1720		0.536415
1730		0.534818
1740		0.533284
1750		0.531746
1760		0.530188
1770		0.528602
1780		0.527006
1790		0.525468
1800		0.523913
1810		0.522372
1820		0.520806
1830		0.519234
1840		0.517651
1850		0.516125
1860		0.514635
1870		0.513169
1880		0.511735
1890		0.510338
1900		0.508949
1910		0.507588
1920		0.506214
1930		0.504834
1940		0.503475
1950		0.502110
1960		0.500763
1970		0.499463
1980		0.498188
1990		0.496911
2000		0.495620
2010		0.494340
2020		0.493093
2030		0.491835
2040		0.490561
2050		0.489247
2060		0.487955
2070		0.486734
2080		0.485534
2090		0.484317
2100		0.483133
2110		0.481871
2120		0.480630
2130		0.479426
2140		0.478287
2150		0.477184
2160		0.476126
2170		0.475072
2180		0.473954
2190		0.472890
2200		0.471841
2210		0.470841
2220		0.469830
2230		0.468802
2240		0.467781
2250		0.466781
2260		0.465775
2270		0.464802
2280		0.463791
2290		0.462778
2300		0.461707
2310		0.460646
2320		0.459596
2330		0.458490
2340		0.457360
2350		0.456275
2360		0.455248
2370		0.454244
2380		0.453231
2390		0.452224
2400		0.451276
2410		0.450356
2420		0.449492
2430		0.448622
2440		0.447702
2450		0.446782
2460		0.445872
2470		0.444974
2480		0.444100
2490		0.443249
2500		0.442391
2510		0.441447
2520		0.440558
2530		0.439648
2540		0.438717
2550		0.437807
2560		0.436952
2570		0.436106
2580		0.435279
2590		0.434437
2600		0.433621
2610		0.432796
2620		0.432018
2630		0.431289
2640		0.430602
2650		0.429916
2660		0.429221
2670		0.428585
2680		0.428023
2690		0.427491
2700		0.426954
2710		0.426468
2720		0.425941
2730		0.425445
2740		0.424906
2750		0.424353
2760		0.423764
2770		0.423160
2780		0.422553
2790		0.421964
2800		0.421402
2810		0.420848
2820		0.420258
2830		0.419636
2840		0.418974
2850		0.418304
2860		0.417648
2870		0.416991
2880		0.416379
2890		0.415779
2900		0.415194
2910		0.414578
2920		0.413965
2930		0.413379
2940		0.412795
2950		0.412201
2960		0.411572
2970		0.410881
2980		0.410242
2990		0.409648
3000		0.408999
3010		0.408397
3020		0.407746
3030		0.407125
3040		0.406533
3050		0.405972
3060		0.405416
3070		0.404872
3080		0.404398
3090		0.403904
3100		0.403357
3110		0.402764
3120		0.402153
3130		0.401555
3140		0.400922
3150		0.400338
3160		0.399735
3170		0.399087
3180		0.398463
3190		0.397816
3200		0.397152
3210		0.396473
3220		0.395821
3230		0.395168
3240		0.394459
3250		0.393748
3260		0.392985
3270		0.392239
3280		0.391504
3290		0.390782
3300		0.390023
3310		0.389200
3320		0.388378
3330		0.387529
3340		0.386678
3350		0.385790
3360		0.384926
3370		0.384045
3380		0.383196
3390		0.382354
3400		0.381457
3410		0.380567
3420		0.379680
3430		0.378785
3440		0.377933
3450		0.377069
3460		0.376184
3470		0.375301
3480		0.374449
3490		0.373656
3500		0.372905
3510		0.372147
3520		0.371384
3530		0.370600
3540		0.369819
3550		0.369035
3560		0.368249
3570		0.367466
3580		0.366672
3590		0.365857
3600		0.365087
3610		0.364354
3620		0.363608
3630		0.362880
3640		0.362134
3650		0.361390
3660		0.360681
3670		0.359971
3680		0.359268
3690		0.358570
3700		0.357877
3710		0.357200
3720		0.356540
3730		0.355932
3740		0.355302
3750		0.354673
3760		0.354015
3770		0.353337
3780		0.352622
3790		0.351897
3800		0.351181
3810		0.350425
3820		0.349649
3830		0.348902
3840		0.348133
3850		0.347373
3860		0.346594
3870		0.345805
3880		0.345037
3890		0.344236
3900		0.343440
3910		0.342658
3920		0.341920
3930		0.341216
3940		0.340526
3950		0.339809
3960		0.339071
3970		0.338318
3980		0.337577
3990		0.336840
4000		0.336085
4010		0.335371
4020		0.334653
4030		0.333918
4040		0.333178
4050		0.332410
4060		0.331637
4070		0.330808
4080		0.330034
4090		0.329252
4100		0.328485
4110		0.327709
4120		0.326945
4130		0.326171
4140		0.325397
4150		0.324621
4160		0.323843
4170		0.323063
4180		0.322280
4190		0.321456
4200		0.320626
4210		0.319797
4220		0.318970
4230		0.318154
4240		0.317353
4250		0.316536
4260		0.315655
4270		0.314770
4280		0.313874
4290		0.312987
4300		0.312115
4310		0.311248
4320		0.310407
4330		0.309570
4340		0.308686
4350		0.307791
4360		0.306879
4370		0.305972
4380		0.305080
4390		0.304214
4400		0.303401
4410		0.302566
4420		0.301710
4430		0.300861
4440		0.300052
4450		0.299241
4460		0.298422
4470		0.297577
4480		0.296696
4490		0.295809
4500		0.294937
4510		0.294072
4520		0.293231
4530		0.292432
4540		0.291677
4550		0.290899
4560		0.290163
4570		0.289444
4580		0.288723
4590		0.288021
4600		0.287313
4610		0.286579
4620		0.285823
4630		0.285041
4640		0.284245
4650		0.283481
4660		0.282714
4670		0.281955
4680		0.281180
4690		0.280375
4700		0.279532
4710		0.278728
4720		0.277988
4730		0.277314
4740		0.276718
4750		0.276083
4760		0.275442
4770		0.274809
4780		0.274236
4790		0.273664
4800		0.273138
4810		0.272611
4820		0.272117
4830		0.271637
4840		0.271161
4850		0.270696
4860		0.270246
4870		0.269843
4880		0.269399
4890		0.268941
4900		0.268493
4910		0.268036
4920		0.267530
4930		0.266994
4940		0.266441
4950		0.265912
4960		0.265423
4970		0.264919
4980		0.264400
4990		0.263841
5000		0.263247
5010		0.262633
5020		0.262020
5030		0.261414
5040		0.260846
5050		0.260269
5060		0.259713
5070		0.259176
5080		0.258601
5090		0.257976
5100		0.257298
5110		0.256606
5120		0.255910
5130		0.255252
5140		0.254618
5150		0.253961
5160		0.253332
5170		0.252697
5180		0.252097
5190		0.251526
5200		0.250974
5210		0.250393
5220		0.249835
5230		0.249301
5240		0.248751
5250		0.248189
5260		0.247701
5270		0.247239
5280		0.246767
5290		0.246314
5300		0.245908
5310		0.245490
5320		0.245028
5330		0.244559
5340		0.244088
5350		0.243599
5360		0.243110
5370		0.242610
5380		0.242085
5390		0.241567
5400		0.241020
5410		0.240491
5420		0.239957
5430		0.239436
5440		0.238931
5450		0.238455
5460		0.238008
5470		0.237588
5480		0.237209
5490		0.236777
5500		0.236348
5510		0.235933
5520		0.235556
5530		0.235202
5540		0.234884
5550		0.234588
5560		0.234322
5570		0.234015
5580		0.233719
5590		0.233381
5600		0.233032
5610		0.232689
5620		0.232336
5630		0.231964
5640		0.231598
5650		0.231176
5660		0.230760
5670		0.230351
5680		0.229972
5690		0.229597
5700		0.229218
5710		0.228833
5720		0.228483
5730		0.228128
5740		0.227779
5750		0.227428
5760		0.227132
5770		0.226826
5780		0.226514
5790		0.226201
5800		0.225849
5810		0.225448
5820		0.225075
5830		0.224688
5840		0.224313
5850		0.223921
5860		0.223576
5870		0.223232
5880		0.222861
5890		0.222520
5900		0.222233
5910		0.221989
5920		0.221696
5930		0.221425
5940		0.221146
5950		0.220878
5960		0.220621
5970		0.220371
5980		0.220132
5990		0.219924
6000		0.219686
6010		0.219477
6020		0.219244
6030		0.219006
6040		0.218778
6050		0.218547
6060		0.218286
6070		0.217973
6080		0.217673
6090		0.217389
6100		0.217063
6110		0.216748
6120		0.216451
6130		0.216150
6140		0.215854
6150		0.215554
6160		0.215233
6170		0.214944
6180		0.214664
6190		0.214394
6200		0.214141
6210		0.213914
6220		0.213727
6230		0.213512
6240		0.213268
6250		0.213004
6260		0.212710
6270		0.212384
6280		0.212079
6290		0.211754
6300		0.211436
6310		0.211118
6320		0.210779
6330		0.210433
6340		0.210101
6350		0.209746
6360		0.209415
6370		0.209101
6380		0.208769
6390		0.208478
6400		0.208213
6410		0.207958
6420		0.207697
6430		0.207415
6440		0.207128
6450		0.206843
6460		0.206560
6470		0.206320
6480		0.206035
6490		0.205742
6500		0.205469
6510		0.205215
6520		0.204975
6530		0.204717
6540		0.204426
6550		0.204115
6560		0.203771
6570		0.203419
6580		0.203084
6590		0.202810
6600		0.202535
6610		0.202248
6620		0.201958
6630		0.201659
6640		0.201328
6650		0.200942
6660		0.200566
6670		0.200202
6680		0.199838
6690		0.199467
6700		0.199078
6710		0.198653
6720		0.198245
6730		0.197847
6740		0.197435
6750		0.197057
6760		0.196640
6770		0.196177
6780		0.195702
6790		0.195251
6800		0.194828
6810		0.194402
6820		0.193965
6830		0.193513
6840		0.193015
6850		0.192515
6860		0.192008
6870		0.191481
6880		0.190969
6890		0.190516
6900		0.190042
6910		0.189581
6920		0.189065
6930		0.188538
6940		0.188039
6950		0.187538
6960		0.187041
6970		0.186537
6980		0.186035
6990		0.185492
7000		0.184928
7010		0.184385
7020		0.183813
7030		0.183209
7040		0.182562
7050		0.181893
7060		0.181265
7070		0.180691
7080		0.180128
7090		0.179572
7100		0.179131
7110		0.178704
7120		0.178258
7130		0.177795
7140		0.177268
7150		0.176755
7160		0.176270
7170		0.175815
7180		0.175348
7190		0.174872
7200		0.174414
7210		0.173953
7220		0.173523
7230		0.173127
7240		0.172724
7250		0.172305
7260		0.171851
7270		0.171401
7280		0.170972
7290		0.170581
7300		0.170228
7310		0.169885
7320		0.169533
7330		0.169163
7340		0.168834
7350		0.168515
7360		0.168180
7370		0.167807
7380		0.167402
7390		0.166975
7400		0.166500
7410		0.166009
7420		0.165501
7430		0.164985
7440		0.164480
7450		0.163972
7460		0.163430
7470		0.162885
7480		0.162305
7490		0.161722
7500		0.161138
7510		0.160524
7520		0.159900
7530		0.159245
7540		0.158611
7550		0.158005
7560		0.157371
7570		0.156745
7580		0.156140
7590		0.155519
7600		0.154918
7610		0.154291
7620		0.153675
7630		0.153076
7640		0.152468
7650		0.151872
7660		0.151276
7670		0.150710
7680		0.150154
7690		0.149606
7700		0.149036
7710		0.148476
7720		0.147938
7730		0.147445
7740		0.146963
7750		0.146469
7760		0.145977
7770		0.145514
7780		0.145040
7790		0.144568
7800		0.144104
7810		0.143660
7820		0.143223
7830		0.142820
7840		0.142404
7850		0.141983
7860		0.141529
7870		0.141061
7880		0.140618
7890		0.140244
7900		0.139864
7910		0.139470
7920		0.139064
7930		0.138647
7940		0.138267
7950		0.137906
7960		0.137584
7970		0.137298
7980		0.137023
7990		0.136768
8000		0.136539
8010		0.136302
8020		0.136066
8030		0.135888
8040		0.135701
8050		0.135514
8060		0.135327
8070		0.135135
8080		0.134945
8090		0.134760
8100		0.134555
8110		0.134302
8120		0.134086
8130		0.133914
8140		0.133746
8150		0.133586
8160		0.133403
8170		0.133254
8180		0.133118
8190		0.133004
8200		0.132872
8210		0.132735
8220		0.132603
8230		0.132477
8240		0.132354
8250		0.132191
8260		0.132006
8270		0.131830
8280		0.131603
8290		0.131344
8300		0.131059
8310		0.130770
8320		0.130512
8330		0.130247
8340		0.130005
8350		0.129802
8360		0.129573
8370		0.129335
8380		0.129103
8390		0.128934
8400		0.128751
8410		0.128544
8420		0.128354
8430		0.128205
8440		0.128048
8450		0.127894
8460		0.127760
8470		0.127654
8480		0.127536
8490		0.127430
8500		0.127312
8510		0.127216
8520		0.127147
8530		0.127051
8540		0.126909
8550		0.126769
8560		0.126629
8570		0.126532
8580		0.126500
8590		0.126473
8600		0.126463
8610		0.126457
8620		0.126463
8630		0.126479
8640		0.126542
8650		0.126637
8660		0.126732
8670		0.126840
8680		0.126988
8690		0.127147
8700		0.127342
8710		0.127524
8720		0.127719
8730		0.127928
8740		0.128106
8750		0.128292
8760		0.128469
8770		0.128649
8780		0.128837
8790		0.128982
8800		0.129116
8810		0.129242
8820		0.129351
8830		0.129449
8840		0.129538
8850		0.129652
8860		0.129753
8870		0.129830
8880		0.129914
8890		0.130009
8900		0.130160
8910		0.130296
8920		0.130420
8930		0.130495
8940		0.130557
8950		0.130593
8960		0.130596
8970		0.130623
8980		0.130631
8990		0.130615
9000		0.130598
9010		0.130587
9020		0.130575
9030		0.130557
9040		0.130482
9050		0.130354
9060		0.130202
9070		0.130080
9080		0.129968
9090		0.129866
9100		0.129752
9110		0.129650
9120		0.129594
9130		0.129557
9140		0.129541
9150		0.129517
9160		0.129476
9170		0.129394
9180		0.129327
9190		0.129249
9200		0.129158
9210		0.129035
9220		0.128902
9230		0.128776
9240		0.128639
9250		0.128523
9260		0.128442
9270		0.128385
9280		0.128328
9290		0.128295
9300		0.128290
9310		0.128330
9320		0.128355
9330		0.128384
9340		0.128443
9350		0.128484
9360		0.128541
9370		0.128610
9380		0.128626
9390		0.128615
9400		0.128586
9410		0.128572
9420		0.128549
9430		0.128498
9440		0.128467
9450		0.128430
9460		0.128338
9470		0.128215
9480		0.128098
9490		0.127970
9500		0.127842
9510		0.127737
9520		0.127635
9530		0.127537
9540		0.127442
9550		0.127342
9560		0.127274
9570		0.127226
9580		0.127191
9590		0.127179
9600		0.127125
9610		0.127118
9620		0.127114
9630		0.127102
9640		0.127088
9650		0.127098
9660		0.127120
9670		0.127140
9680		0.127166
9690		0.127210
9700		0.127248
9710		0.127320
9720		0.127419
9730		0.127511
9740		0.127635
9750		0.127803
9760		0.127987
9770		0.128182
9780		0.128343
9790		0.128466
9800		0.128572
9810		0.128652
9820		0.128730
9830		0.128779
9840		0.128849
9850		0.128901
9860		0.128948
9870		0.128953
9880		0.128919
9890		0.128893
9900		0.128892
9910		0.128950
9920		0.129092
9930		0.129308
9940		0.129529
9950		0.129716
9960		0.129856
9970		0.129981
9980		0.130116
9990		0.130249
10000		0.130344
10010		0.130414
10020		0.130502
10030		0.130589
10040		0.130623
10050		0.130660
10060		0.130699
10070		0.130771
10080		0.130844
10090		0.130901
10100		0.130974
10110		0.131044
10120		0.131120
10130		0.131176
10140		0.131191
10150		0.131213
10160		0.131294
10170		0.131384
10180		0.131431
10190		0.131459
10200		0.131481
10210		0.131496
10220		0.131515
10230		0.131521
10240		0.131532
10250		0.131548
10260		0.131625
10270		0.131715
10280		0.131772
10290		0.131816
10300		0.131856
10310		0.131867
10320		0.131899
10330		0.131892
10340		0.131910
10350		0.131951
10360		0.131974
10370		0.132019
10380		0.132094
10390		0.132160
10400		0.132246
10410		0.132343
10420		0.132441
10430		0.132561
10440		0.132661
10450		0.132683
10460		0.132698
10470		0.132721
10480		0.132729
10490		0.132738
10500		0.132713
10510		0.132685
10520		0.132628
10530		0.132528
10540		0.132418
10550		0.132306
10560		0.132228
10570		0.132162
10580		0.132099
10590		0.132100
10600		0.132112
10610		0.132127
10620		0.132146
10630		0.132198
10640		0.132234
10650		0.132236
10660		0.132252
10670		0.132257
10680		0.132307
10690		0.132364
10700		0.132436
10710		0.132524
10720		0.132624
10730		0.132716
10740		0.132815
10750		0.132925
10760		0.133067
10770		0.133238
10780		0.133384
10790		0.133493
10800		0.133616
10810		0.133723
10820		0.133807
10830		0.133887
10840		0.133972
10850		0.134070
10860		0.134167
10870		0.134280
10880		0.134413
10890		0.134528
10900		0.134623
10910		0.134711
10920		0.134785
10930		0.134828
10940		0.134854
10950		0.134897
10960		0.134972
10970		0.135061
10980		0.135154
10990		0.135236
11000		0.135322
11010		0.135362
11020		0.135385
11030		0.135400
11040		0.135420
11050		0.135512
11060		0.135615
11070		0.135743
11080		0.135862
11090		0.135953
11100		0.136055
11110		0.136172
11120		0.136301
11130		0.136453
11140		0.136630
11150		0.136779
11160		0.136908
11170		0.137000
11180		0.137102
11190		0.137158
11200		0.137188
11210		0.137216
11220		0.137233
11230		0.137295
11240		0.137380
11250		0.137456
11260		0.137518
11270		0.137600
11280		0.137710
11290		0.137822
11300		0.137953
11310		0.138109
11320		0.138256
11330		0.138363
11340		0.138438
11350		0.138481
11360		0.138502
11370		0.138540
11380		0.138578
11390		0.138559
11400		0.138521
11410		0.138481
11420		0.138492
11430		0.138540
11440		0.138574
11450		0.138555
11460		0.138541
11470		0.138526
11480		0.138515
11490		0.138489
11500		0.138480
11510		0.138513
11520		0.138517
11530		0.138514
11540		0.138483
11550		0.138449
11560		0.138434
11570		0.138452
11580		0.138497
11590		0.138534
11600		0.138567
11610		0.138626
11620		0.138732
11630		0.138830
11640		0.138979
11650		0.139109
11660		0.139242
11670		0.139430
11680		0.139652
11690		0.139886
11700		0.140116
11710		0.140343
11720		0.140643
11730		0.140922
11740		0.141174
11750		0.141365
11760		0.141553
11770		0.141741
11780		0.141925
11790		0.142150
11800		0.142389
11810		0.142614
11820		0.142834
11830		0.143034
11840		0.143220
11850		0.143413
11860		0.143577
11870		0.143714
11880		0.143870
11890		0.144037
11900		0.144193
11910		0.144334
11920		0.144406
11930		0.144418
11940		0.144388
11950		0.144353
11960		0.144314
11970		0.144287
11980		0.144269
11990		0.144217
12000		0.144148
12010		0.144061
12020		0.143949
12030		0.143822
12040		0.143689
12050		0.143498
12060		0.143290
12070		0.143068
12080		0.142807
12090		0.142571
12100		0.142384
12110		0.142152
12120		0.141881
12130		0.141620
12140		0.141375
12150		0.141124
12160		0.140832
12170		0.140525
12180		0.140219
12190		0.139926
12200		0.139669
12210		0.139419
12220		0.139164
12230		0.138870
12240		0.138557
12250		0.138232
12260		0.137893
12270		0.137541
12280		0.137208
12290		0.136925
12300		0.136604
12310		0.136267
12320		0.135933
12330		0.135621
12340		0.135318
12350		0.134988
12360		0.134650
12370		0.134320
12380		0.133974
12390		0.133649
12400		0.133322
12410		0.132945
12420		0.132532
12430		0.132119
12440		0.131657
12450		0.131180
12460		0.130674
12470		0.130219
12480		0.129762
12490		0.129282
12500		0.128786
12510		0.128303
12520		0.127827
12530		0.127346
12540		0.126877
12550		0.126395
12560		0.125902
12570		0.125447
12580		0.125029
12590		0.124615
12600		0.124263
12610		0.123936
12620		0.123588
12630		0.123257
12640		0.122959
12650		0.122669
12660		0.122344
12670		0.122021
12680		0.121722
12690		0.121428
12700		0.121082
12710		0.120723
12720		0.120372
12730		0.120025
12740		0.119691
12750		0.119382
12760		0.119124
12770		0.118923
12780		0.118709
12790		0.118519
12800		0.118337
12810		0.118161
12820		0.117957
12830		0.117730
12840		0.117503
12850		0.117286
12860		0.117080
12870		0.116840
12880		0.116642
12890		0.116432
12900		0.116245
12910		0.116032
12920		0.115833
12930		0.115657
12940		0.115502
12950		0.115346
12960		0.115181
12970		0.115035
12980		0.114892
12990		0.114745
13000		0.114579
13010		0.114412
13020		0.114266
13030		0.114122
13040		0.113962
13050		0.113790
13060		0.113640
13070		0.113490
13080		0.113289
13090		0.113086
13100		0.112854
13110		0.112606
13120		0.112370
13130		0.112180
13140		0.112012
13150		0.111852
13160		0.111669
13170		0.111492
13180		0.111322
13190		0.111194
13200		0.111065
13210		0.110986
13220		0.110865
13230		0.110739
13240		0.110603
13250		0.110445
13260		0.110319
13270		0.110181
13280		0.110006
13290		0.109867
13300		0.109725
13310		0.109582
13320		0.109484
13330		0.109380
13340		0.109286
13350		0.109209
13360		0.109133
13370		0.109029
13380		0.108922
13390		0.108804
13400		0.108687
13410		0.108570
13420		0.108443
13430		0.108346
13440		0.108224
13450		0.108041
13460		0.107821
13470		0.107622
13480		0.107444
13490		0.107292
13500		0.107141
13510		0.106967
13520		0.106809
13530		0.106682
13540		0.106535
13550		0.106372
13560		0.106267
13570		0.106188
13580		0.106095
13590		0.105971
13600		0.105841
13610		0.105687
13620		0.105483
13630		0.105310
13640		0.105157
13650		0.105024
13660		0.104896
13670		0.104732
13680		0.104553
13690		0.104408
13700		0.104255
13710		0.104104
13720		0.103926
13730		0.103726
13740		0.103501
13750		0.103282
13760		0.103063
13770		0.102828
13780		0.102590
13790		0.102357
13800		0.102122
13810		0.101873
13820		0.101609
13830		0.101294
13840		0.100999
13850		0.100728
13860		0.100471
13870		0.100227
13880		0.099999
13890		0.099766
13900		0.099522
13910		0.099269
13920		0.099018
13930		0.098775
13940		0.098535
13950		0.098301
13960		0.098091
13970		0.097859
13980		0.097585
13990		0.097318
14000		0.097033
14010		0.096744
14020		0.096448
14030		0.096149
14040		0.095861
14050		0.095544
14060		0.095212
14070		0.094919
14080		0.094622
14090		0.094369
14100		0.094092
14110		0.093844
14120		0.093570
14130		0.093316
14140		0.093065
14150		0.092771
14160		0.092438
14170		0.092083
14180		0.091680
14190		0.091289
14200		0.090884
14210		0.090498
14220		0.090141
14230		0.089814
14240		0.089512
14250		0.089167
14260		0.088833
14270		0.088504
14280		0.088194
14290		0.087867
14300		0.087549
14310		0.087222
14320		0.086924
14330		0.086635
14340		0.086356
14350		0.086092
14360		0.085857
14370		0.085627
14380		0.085424
14390		0.085258
14400		0.085087
14410		0.084946
14420		0.084850
14430		0.084745
14440		0.084654
14450		0.084581
14460		0.084501
14470		0.084417
14480		0.084308
14490		0.084219
14500		0.084138
14510		0.084073
14520		0.083986
14530		0.083856
14540		0.083701
14550		0.083544
14560		0.083397
14570		0.083261
14580		0.083113
14590		0.082908
14600		0.082729
14610		0.082565
14620		0.082392
14630		0.082232
14640		0.082083
14650		0.081941
14660		0.081732
14670		0.081498
14680		0.081278
14690		0.081050
14700		0.080835
14710		0.080631
14720		0.080456
14730		0.080271
14740		0.080105
14750		0.079923
14760		0.079718
14770		0.079546
14780		0.079312
14790		0.079029
14800		0.078720
14810		0.078391
14820		0.078055
14830		0.077750
14840		0.077397
14850		0.077063
14860		0.076716
14870		0.076391
14880		0.076097
14890		0.075770
14900		0.075415
14910		0.075106
14920		0.074857
14930		0.074634
14940		0.074432
14950		0.074248
14960		0.074071
14970		0.073919
14980		0.073706
14990		0.073478
15000		0.073248
15010		0.073016
15020		0.072782
15030		0.072590
15040		0.072357
15050		0.072125
15060		0.071872
15070		0.071569
15080		0.071258
15090		0.070949
15100		0.070622
15110		0.070306
15120		0.069984
15130		0.069679
15140		0.069368
15150		0.069060
15160		0.068739
15170		0.068424
15180		0.068102
15190		0.067762
15200		0.067443
15210		0.067123
15220		0.066790
15230		0.066443
15240		0.066073
15250		0.065687
15260		0.065277
15270		0.064851
15280		0.064481
15290		0.064156
15300		0.063834
15310		0.063487
15320		0.063147
15330		0.062835
15340		0.062585
15350		0.062379
15360		0.062168
15370		0.061922
15380		0.061679
15390		0.061455
15400		0.061240
15410		0.061044
15420		0.060887
15430		0.060761
15440		0.060637
15450		0.060482
15460		0.060321
15470		0.060149
15480		0.059966
15490		0.059791
15500		0.059679
15510		0.059566
15520		0.059465
15530		0.059393
15540		0.059338
15550		0.059246
15560		0.059147
15570		0.059089
15580		0.059009
15590		0.058913
15600		0.058802
15610		0.058676
15620		0.058514
15630		0.058340
15640		0.058131
15650		0.057937
15660		0.057783
15670		0.057638
15680		0.057514
15690		0.057401
15700		0.057278
15710		0.057161
15720		0.057013
15730		0.056922
15740		0.056833
15750		0.056743
15760		0.056664
15770		0.056552
15780		0.056407
15790		0.056292
15800		0.056148
15810		0.056033
15820		0.055906
15830		0.055732
15840		0.055563
15850		0.055346
15860		0.055150
15870		0.054957
15880		0.054732
15890		0.054507
15900		0.054313
15910		0.054110
15920		0.053920
15930		0.053720
15940		0.053520
15950		0.053322
15960		0.053137
15970		0.052937
15980		0.052732
15990		0.052539
16000		0.052322
16010		0.052095
16020		0.051887
16030		0.051741
16040		0.051631
16050		0.051500
16060		0.051379
16070		0.051252
16080		0.051116
16090		0.051000
16100		0.050901
16110		0.050792
16120		0.050716
16130		0.050581
16140		0.050449
16150		0.050334
16160		0.050192
16170		0.050067
16180		0.049952
16190		0.049821
16200		0.049718
16210		0.049643
16220		0.049621
16230		0.049608
16240		0.049603
16250		0.049556
16260		0.049487
16270		0.049414
16280		0.049349
16290		0.049295
16300		0.049259
16310		0.049219
16320		0.049223
16330		0.049205
16340		0.049140
16350		0.049058
16360		0.048975
16370		0.048959
16380		0.048969
16390		0.048969
16400		0.049000
16410		0.049072
16420		0.049169
16430		0.049282
16440		0.049396
16450		0.049499
16460		0.049635
16470		0.049796
16480		0.049965
16490		0.050117
16500		0.050166
16510		0.050168
16520		0.050172
16530		0.050184
16540		0.050210
16550		0.050214
16560		0.050191
16570		0.050153
16580		0.050077
16590		0.050045
16600		0.050021
16610		0.049998
16620		0.049946
16630		0.049907
16640		0.049927
16650		0.049978
16660		0.050028
16670		0.050085
16680		0.050146
16690		0.050218
16700		0.050295
16710		0.050376
16720		0.050451
16730		0.050522
16740		0.050584
16750		0.050667
16760		0.050764
16770		0.050878
16780		0.050999
16790		0.051149
16800		0.051318
16810		0.051513
16820		0.051742
16830		0.052011
16840		0.052262
16850		0.052522
16860		0.052762
16870		0.053025
16880		0.053285
16890		0.053507
16900		0.053753
16910		0.054010
16920		0.054266
16930		0.054534
16940		0.054835
16950		0.055167
16960		0.055477
16970		0.055814
16980		0.056200
16990		0.056608
17000		0.057018
17010		0.057418
17020		0.057796
17030		0.058140
17040		0.058475
17050		0.058803
17060		0.059135
17070		0.059444
17080		0.059729
17090		0.059995
17100		0.060291
17110		0.060577
17120		0.060844
17130		0.061139
17140		0.061396
17150		0.061646
17160		0.061827
17170		0.061987
17180		0.062145
17190		0.062342
17200		0.062526
17210		0.062718
17220		0.062896
17230		0.063083
17240		0.063214
17250		0.063385
17260		0.063574
17270		0.063751
17280		0.063930
17290		0.064140
17300		0.064400
17310		0.064639
17320		0.064882
17330		0.065160
17340		0.065410
17350		0.065650
17360		0.065927
17370		0.066243
17380		0.066558
17390		0.066907
17400		0.067235
17410		0.067528
17420		0.067832
17430		0.068120
17440		0.068451
17450		0.068776
17460		0.069071
17470		0.069375
17480		0.069679
17490		0.069981
17500		0.070291
17510		0.070589
17520		0.070891
17530		0.071205
17540		0.071526
17550		0.071803
17560		0.072019
17570		0.072238
17580		0.072436
17590		0.072641
17600		0.072869
17610		0.073104
17620		0.073360
17630		0.073580
17640		0.073785
17650		0.073966
17660		0.074094
17670		0.074209
17680		0.074308
17690		0.074431
17700		0.074545
17710		0.074648
17720		0.074742
17730		0.074834
17740		0.074926
17750		0.075053
17760		0.075261
17770		0.075512
17780		0.075741
17790		0.075970
17800		0.076172
17810		0.076350
17820		0.076571
17830		0.076798
17840		0.077001
17850		0.077221
17860		0.077440
17870		0.077625
17880		0.077803
17890		0.077939
17900		0.078071
17910		0.078223
17920		0.078320
17930		0.078411
17940		0.078509
17950		0.078610
17960		0.078712
17970		0.078798
17980		0.078867
17990		0.078983
18000		0.079118
18010		0.079259
18020		0.079377
18030		0.079524
18040		0.079687
18050		0.079838
18060		0.079984
18070		0.080146
18080		0.080320
18090		0.080507
18100		0.080644
18110		0.080772
18120		0.080895
18130		0.081001
18140		0.081095
18150		0.081186
18160		0.081293
18170		0.081362
18180		0.081428
18190		0.081499
18200		0.081603
18210		0.081716
18220		0.081854
18230		0.082044
18240		0.082228
18250		0.082405
18260		0.082561
18270		0.082696
18280		0.082824
18290		0.082941
18300		0.083070
18310		0.083194
18320		0.083303
18330		0.083396
18340		0.083473
18350		0.083546
18360		0.083601
18370		0.083631
18380		0.083699
18390		0.083817
18400		0.083938
18410		0.084060
18420		0.084186
18430		0.084330
18440		0.084449
18450		0.084528
18460		0.084612
18470		0.084685
18480		0.084803
18490		0.084959
18500		0.085151
18510		0.085320
18520		0.085475
18530		0.085642
18540		0.085835
18550		0.086034
18560		0.086224
18570		0.086438
18580		0.086681
18590		0.086950
18600		0.087223
18610		0.087503
18620		0.087815
18630		0.088123
18640		0.088446
18650		0.088769
18660		0.089051
18670		0.089335
18680		0.089643
18690		0.089968
18700		0.090258
18710		0.090529
18720		0.090767
18730		0.090975
18740		0.091198
18750		0.091378
18760		0.091558
18770		0.091697
18780		0.091822
18790		0.091944
18800		0.092076
18810		0.092199
18820		0.092255
18830		0.092277
18840		0.092253
18850		0.092183
18860		0.092118
18870		0.092089
18880		0.092037
18890		0.091993
18900		0.092015
18910		0.092037
18920		0.092078
18930		0.092092
18940		0.092034
18950		0.091987
18960		0.091928
18970		0.091884
18980		0.091815
18990		0.091754
19000		0.091731
19010		0.091710
19020		0.091715
19030		0.091723
19040		0.091742
19050		0.091724
19060		0.091681
19070		0.091648
19080		0.091651
19090		0.091637
19100		0.091607
19110		0.091566
19120		0.091554
19130		0.091544
19140		0.091484
19150		0.091446
19160		0.091426
19170		0.091365
19180		0.091324
19190		0.091271
19200		0.091174
19210		0.091084
19220		0.090997
19230		0.090960
19240		0.090919
19250		0.090854
19260		0.090801
19270		0.090755
19280		0.090738
19290		0.090751
19300		0.090781
19310		0.090803
19320		0.090827
19330		0.090892
19340		0.090956
19350		0.091046
19360		0.091141
19370		0.091238
19380		0.091351
19390		0.091451
19400		0.091562
19410		0.091674
19420		0.091777
19430		0.091897
19440		0.091966
19450		0.091998
19460		0.092055
19470		0.092136
19480		0.092228
19490		0.092315
19500		0.092410
19510		0.092479
19520		0.092527
19530		0.092546
19540		0.092557
19550		0.092565
19560		0.092571
19570		0.092562
19580		0.092573
19590		0.092555
19600		0.092511
19610		0.092476
19620		0.092439
19630		0.092383
19640		0.092365
19650		0.092350
19660		0.092362
19670		0.092377
19680		0.092366
19690		0.092326
19700		0.092321
19710		0.092355
19720		0.092411
19730		0.092468
19740		0.092486
19750		0.092545
19760		0.092656
19770		0.092805
19780		0.092959
19790		0.093105
19800		0.093229
19810		0.093357
19820		0.093518
19830		0.093702
19840		0.093841
19850		0.093986
19860		0.094104
19870		0.094222
19880		0.094368
19890		0.094540
19900		0.094718
19910		0.094900
19920		0.095101
19930		0.095276
19940		0.095457
19950		0.095647
19960		0.095819
19970		0.096035
19980		0.096260
19990		0.096484
