k		corr_k
0		1.000000
10		0.967690
20		0.937166
30		0.907645
40		0.879110
50		0.851635
60		0.825065
70		0.799434
80		0.774498
90		0.750284
100		0.726673
110		0.703545
120		0.681231
130		0.659801
140		0.639219
150		0.619449
160		0.600423
170		0.582013
180		0.564147
190		0.546722
200		0.529923
210		0.513548
220		0.497993
230		0.483278
240		0.469148
250		0.455392
260		0.441808
270		0.428511
280		0.415671
290		0.403373
300		0.391370
310		0.379720
320		0.368293
330		0.357167
340		0.346231
350		0.335461
360		0.324937
370		0.314873
380		0.305291
390		0.296083
400		0.286837
410		0.277793
420		0.268840
430		0.260122
440		0.251602
450		0.243071
460		0.234644
470		0.226196
480		0.217551
490		0.209129
500		0.201100
510		0.193170
520		0.185454
530		0.177927
540		0.170674
550		0.163769
560		0.157184
570		0.151027
580		0.145203
590		0.139563
600		0.134166
610		0.128840
620		0.123847
630		0.119060
640		0.114595
650		0.110480
660		0.106417
670		0.102406
680		0.098536
690		0.094933
700		0.091684
710		0.088749
720		0.085863
730		0.083136
740		0.080630
750		0.078344
760		0.076108
770		0.074076
780		0.072184
790		0.070211
800		0.068215
810		0.066379
820		0.064788
830		0.063412
840		0.062063
850		0.060962
860		0.060003
870		0.058906
880		0.058041
890		0.056989
900		0.055999
910		0.055117
920		0.054293
930		0.053649
940		0.053063
950		0.052415
960		0.051994
970		0.051746
980		0.051595
990		0.051526
1000		0.051741
1010		0.051892
1020		0.052105
1030		0.052697
1040		0.053532
1050		0.054373
1060		0.055196
1070		0.055995
1080		0.056760
1090		0.057507
1100		0.058170
1110		0.058822
1120		0.059501
1130		0.059995
1140		0.060260
1150		0.060412
1160		0.060525
1170		0.060595
1180		0.060650
1190		0.060724
1200		0.060806
1210		0.060704
1220		0.060725
1230		0.060574
1240		0.060411
1250		0.060201
1260		0.059449
1270		0.058539
1280		0.057680
1290		0.056701
1300		0.055749
1310		0.054634
1320		0.053818
1330		0.052930
1340		0.052133
1350		0.051584
1360		0.051090
1370		0.050541
1380		0.050318
1390		0.049987
1400		0.049484
1410		0.048640
1420		0.047656
1430		0.046506
1440		0.045428
1450		0.044446
1460		0.043470
1470		0.042300
1480		0.041206
1490		0.040093
1500		0.039218
1510		0.038150
1520		0.036828
1530		0.035483
1540		0.034148
1550		0.032947
1560		0.031653
1570		0.030225
1580		0.028838
1590		0.027359
1600		0.025908
1610		0.024624
1620		0.023488
1630		0.022297
1640		0.020813
1650		0.019621
1660		0.018371
1670		0.017166
1680		0.016132
1690		0.015107
1700		0.014012
1710		0.013004
1720		0.011791
1730		0.010876
1740		0.010121
1750		0.009401
1760		0.008551
1770		0.007514
1780		0.006565
1790		0.005554
1800		0.004467
1810		0.003556
1820		0.002912
1830		0.001856
1840		0.000704
1850		-0.000458
1860		-0.001566
1870		-0.003016
1880		-0.004592
1890		-0.005984
1900		-0.007198
1910		-0.008274
1920		-0.009333
1930		-0.010175
1940		-0.010802
1950		-0.011332
1960		-0.011788
1970		-0.011936
1980		-0.012316
1990		-0.012953
2000		-0.013262
2010		-0.013546
2020		-0.013941
2030		-0.014104
2040		-0.014089
2050		-0.014324
2060		-0.014711
2070		-0.014944
2080		-0.015152
2090		-0.015510
2100		-0.015819
2110		-0.015958
2120		-0.015975
2130		-0.016026
2140		-0.016075
2150		-0.016085
2160		-0.015955
2170		-0.015694
2180		-0.015545
2190		-0.015475
2200		-0.015267
2210		-0.014935
2220		-0.014627
2230		-0.014588
2240		-0.014525
2250		-0.014568
2260		-0.014556
2270		-0.014850
2280		-0.014987
2290		-0.015008
2300		-0.015238
2310		-0.015549
2320		-0.015838
2330		-0.016095
2340		-0.016581
2350		-0.016977
2360		-0.017392
2370		-0.017836
2380		-0.018364
2390		-0.018828
2400		-0.019142
2410		-0.019370
2420		-0.019387
2430		-0.019310
2440		-0.019245
2450		-0.019247
2460		-0.018901
2470		-0.018483
2480		-0.017830
2490		-0.017181
2500		-0.016352
2510		-0.015037
2520		-0.013709
2530		-0.012554
2540		-0.011314
2550		-0.010169
2560		-0.008857
2570		-0.007726
2580		-0.006544
2590		-0.005464
2600		-0.004377
2610		-0.003260
2620		-0.001956
2630		-0.000541
2640		0.000751
2650		0.002075
2660		0.003217
2670		0.004292
2680		0.005216
2690		0.006100
2700		0.006846
2710		0.007532
2720		0.008280
2730		0.009041
2740		0.009907
2750		0.010669
2760		0.011297
2770		0.012010
2780		0.012477
2790		0.012507
2800		0.012590
2810		0.012440
2820		0.012076
2830		0.011676
2840		0.011386
2850		0.011053
2860		0.010506
2870		0.009884
2880		0.009230
2890		0.008707
2900		0.008150
2910		0.007468
2920		0.007027
2930		0.006529
2940		0.005990
2950		0.005640
2960		0.005459
2970		0.005435
2980		0.005344
2990		0.005127
3000		0.004931
3010		0.004673
3020		0.004344
3030		0.003723
3040		0.003203
3050		0.002562
3060		0.001697
3070		0.001088
3080		0.000667
3090		0.000464
3100		0.000553
3110		0.000747
3120		0.000964
3130		0.000981
3140		0.001143
3150		0.001376
3160		0.001305
3170		0.001230
3180		0.001198
3190		0.001365
3200		0.001307
3210		0.001125
3220		0.000899
3230		0.000713
3240		0.000399
3250		0.000013
3260		-0.000653
3270		-0.001484
3280		-0.002748
3290		-0.004000
3300		-0.005308
3310		-0.006372
3320		-0.007286
3330		-0.008388
3340		-0.009541
3350		-0.010470
3360		-0.011134
3370		-0.011694
3380		-0.012126
3390		-0.012460
3400		-0.012546
3410		-0.012469
3420		-0.012212
3430		-0.011761
3440		-0.011712
3450		-0.011913
3460		-0.012120
3470		-0.012442
3480		-0.012704
3490		-0.012982
3500		-0.013062
3510		-0.012942
3520		-0.012796
3530		-0.012616
3540		-0.012241
3550		-0.011997
3560		-0.011739
3570		-0.011626
3580		-0.011667
3590		-0.011979
3600		-0.012294
3610		-0.012835
3620		-0.013491
3630		-0.013999
3640		-0.014643
3650		-0.015327
3660		-0.015857
3670		-0.016395
3680		-0.016997
3690		-0.017725
3700		-0.018366
3710		-0.018952
3720		-0.019457
3730		-0.019644
3740		-0.019617
3750		-0.019409
3760		-0.019593
3770		-0.019729
3780		-0.019870
3790		-0.020063
3800		-0.020502
3810		-0.020677
3820		-0.020692
3830		-0.020694
3840		-0.020638
3850		-0.020488
3860		-0.020450
3870		-0.020144
3880		-0.019833
3890		-0.019814
3900		-0.019684
3910		-0.019523
3920		-0.019482
3930		-0.019472
3940		-0.019350
3950		-0.019008
3960		-0.018747
3970		-0.018293
3980		-0.017768
3990		-0.017076
4000		-0.016210
4010		-0.015145
4020		-0.013915
4030		-0.012805
4040		-0.011482
4050		-0.010505
4060		-0.009748
4070		-0.008982
4080		-0.008190
4090		-0.007458
4100		-0.006841
4110		-0.006401
4120		-0.005930
4130		-0.005567
4140		-0.005164
4150		-0.004962
4160		-0.004610
4170		-0.004297
4180		-0.003877
4190		-0.003657
4200		-0.003501
4210		-0.003526
4220		-0.003726
4230		-0.003857
4240		-0.004018
4250		-0.004210
4260		-0.004690
4270		-0.005493
4280		-0.006395
4290		-0.007252
4300		-0.007957
4310		-0.008599
4320		-0.009225
4330		-0.009830
4340		-0.010125
4350		-0.010141
4360		-0.009962
4370		-0.009561
4380		-0.009448
4390		-0.009304
4400		-0.008920
4410		-0.008697
4420		-0.008486
4430		-0.008013
4440		-0.007543
4450		-0.007509
4460		-0.007426
4470		-0.007235
4480		-0.007056
4490		-0.006672
4500		-0.006000
4510		-0.004971
4520		-0.004103
4530		-0.003520
4540		-0.002961
4550		-0.002573
4560		-0.002353
4570		-0.002049
4580		-0.001725
4590		-0.001504
4600		-0.001616
4610		-0.001927
4620		-0.002357
4630		-0.002791
4640		-0.003004
4650		-0.003187
4660		-0.003510
4670		-0.003817
4680		-0.004234
4690		-0.004673
4700		-0.005103
4710		-0.005546
4720		-0.006085
4730		-0.006783
4740		-0.007667
4750		-0.008184
4760		-0.008707
4770		-0.009097
4780		-0.009124
4790		-0.009064
4800		-0.009118
4810		-0.009093
4820		-0.009036
4830		-0.008858
4840		-0.008499
4850		-0.008480
4860		-0.008425
4870		-0.008663
4880		-0.008798
4890		-0.009047
4900		-0.009411
4910		-0.009705
4920		-0.009713
4930		-0.009702
4940		-0.009264
4950		-0.008666
4960		-0.007947
4970		-0.007291
4980		-0.006607
4990		-0.006042
5000		-0.005468
5010		-0.005035
5020		-0.004459
5030		-0.003736
5040		-0.003143
5050		-0.002707
5060		-0.001955
5070		-0.001392
5080		-0.001075
5090		-0.000876
5100		-0.000561
5110		-0.000022
5120		0.000294
5130		0.000462
5140		0.000481
5150		0.000645
5160		0.000876
5170		0.001498
5180		0.002169
5190		0.002731
5200		0.003200
5210		0.003812
5220		0.004073
5230		0.004058
5240		0.004363
5250		0.004991
5260		0.005431
5270		0.005812
5280		0.006023
5290		0.006224
5300		0.006210
5310		0.005898
5320		0.005632
5330		0.005633
5340		0.005649
5350		0.005491
5360		0.005347
5370		0.004993
5380		0.004422
5390		0.003966
5400		0.003620
5410		0.003320
5420		0.002902
5430		0.002347
5440		0.001638
5450		0.000992
5460		0.000428
5470		-0.000038
5480		-0.000248
5490		-0.000591
5500		-0.001262
5510		-0.002061
5520		-0.002901
5530		-0.003799
5540		-0.004754
5550		-0.005881
5560		-0.006915
5570		-0.007927
5580		-0.008817
5590		-0.009730
5600		-0.010423
5610		-0.010983
5620		-0.011578
5630		-0.011984
5640		-0.012345
5650		-0.012396
5660		-0.012060
5670		-0.011622
5680		-0.011027
5690		-0.010198
5700		-0.009597
5710		-0.009043
5720		-0.008432
5730		-0.008141
5740		-0.007991
5750		-0.007839
5760		-0.007872
5770		-0.007911
5780		-0.007851
5790		-0.007713
5800		-0.007508
5810		-0.007082
5820		-0.006340
5830		-0.005715
5840		-0.005207
5850		-0.004834
5860		-0.004471
5870		-0.003916
5880		-0.003481
5890		-0.002955
5900		-0.002176
5910		-0.001758
5920		-0.001395
5930		-0.000909
5940		-0.000655
5950		-0.000354
5960		-0.000186
5970		-0.000164
5980		-0.000038
5990		0.000110
6000		0.000208
6010		0.000409
6020		0.000537
6030		0.000438
6040		0.000254
6050		-0.000038
6060		-0.000244
6070		-0.000234
6080		-0.000312
6090		-0.000153
6100		-0.000081
6110		-0.000104
6120		-0.000266
6130		-0.000479
6140		-0.000657
6150		-0.000941
6160		-0.000941
6170		-0.000528
6180		-0.000027
6190		0.000640
6200		0.001595
6210		0.002703
6220		0.003598
6230		0.004339
6240		0.005005
6250		0.005407
6260		0.005739
6270		0.006066
6280		0.006552
6290		0.007233
6300		0.007940
6310		0.008707
6320		0.009306
6330		0.010018
6340		0.010721
6350		0.011289
6360		0.011885
6370		0.012587
6380		0.013489
6390		0.014383
6400		0.015223
6410		0.015991
6420		0.016728
6430		0.017538
6440		0.018239
6450		0.018618
6460		0.019001
6470		0.019122
6480		0.019217
6490		0.019115
6500		0.019084
6510		0.018989
6520		0.018788
6530		0.018394
6540		0.017841
6550		0.017384
6560		0.016792
6570		0.016203
6580		0.015590
6590		0.015024
6600		0.014103
6610		0.013263
6620		0.012331
6630		0.011647
6640		0.010994
6650		0.010394
6660		0.009927
6670		0.009714
6680		0.009696
6690		0.009698
6700		0.009331
6710		0.008820
6720		0.008342
6730		0.007554
6740		0.006742
6750		0.005825
6760		0.004958
6770		0.004101
6780		0.003283
6790		0.002468
6800		0.001650
6810		0.000978
6820		0.000395
6830		-0.000344
6840		-0.001391
6850		-0.002625
6860		-0.004065
6870		-0.005292
6880		-0.006278
6890		-0.007337
6900		-0.008435
6910		-0.009667
6920		-0.010644
6930		-0.011854
6940		-0.013007
6950		-0.013903
6960		-0.014786
6970		-0.015599
6980		-0.016418
6990		-0.017234
7000		-0.017900
7010		-0.018633
7020		-0.019301
7030		-0.019613
7040		-0.019570
7050		-0.019399
7060		-0.018983
7070		-0.018660
7080		-0.018192
7090		-0.018000
7100		-0.017867
7110		-0.018063
7120		-0.018196
7130		-0.018236
7140		-0.018207
7150		-0.018033
7160		-0.018020
7170		-0.018080
7180		-0.018241
7190		-0.018389
7200		-0.018511
7210		-0.018872
7220		-0.019079
7230		-0.019302
7240		-0.019840
7250		-0.020366
7260		-0.020644
7270		-0.020836
7280		-0.020765
7290		-0.020635
7300		-0.020658
7310		-0.020634
7320		-0.020666
7330		-0.020677
7340		-0.020731
7350		-0.020940
7360		-0.021313
7370		-0.021816
7380		-0.022460
7390		-0.023311
7400		-0.024225
7410		-0.025277
7420		-0.026130
7430		-0.026474
7440		-0.026566
7450		-0.026744
7460		-0.026801
7470		-0.026740
7480		-0.026667
7490		-0.026735
7500		-0.026702
7510		-0.026784
7520		-0.026686
7530		-0.026476
7540		-0.025973
7550		-0.025503
7560		-0.025036
7570		-0.024569
7580		-0.024198
7590		-0.023829
7600		-0.023426
7610		-0.023074
7620		-0.023000
7630		-0.023026
7640		-0.022918
7650		-0.022871
7660		-0.022680
7670		-0.022161
7680		-0.021399
7690		-0.020966
7700		-0.020656
7710		-0.020325
7720		-0.020011
7730		-0.019358
7740		-0.018944
7750		-0.018699
7760		-0.018401
7770		-0.018133
7780		-0.017942
7790		-0.017961
7800		-0.018304
7810		-0.018928
7820		-0.019968
7830		-0.020653
7840		-0.021377
7850		-0.022089
7860		-0.022583
7870		-0.022925
7880		-0.022999
7890		-0.023148
7900		-0.023037
7910		-0.022761
7920		-0.022458
7930		-0.022091
7940		-0.021765
7950		-0.021495
7960		-0.021254
7970		-0.021065
7980		-0.020796
7990		-0.020602
8000		-0.020311
8010		-0.019933
8020		-0.019631
8030		-0.019175
8040		-0.018702
8050		-0.018244
8060		-0.017358
8070		-0.016599
8080		-0.015893
8090		-0.015190
8100		-0.014523
8110		-0.013885
8120		-0.013540
8130		-0.013239
8140		-0.012963
8150		-0.012780
8160		-0.012735
8170		-0.012476
8180		-0.012159
8190		-0.011549
8200		-0.010753
8210		-0.009938
8220		-0.009038
8230		-0.007934
8240		-0.006770
8250		-0.005541
8260		-0.004360
8270		-0.003594
8280		-0.003138
8290		-0.002929
8300		-0.002900
8310		-0.002967
8320		-0.003063
8330		-0.003242
8340		-0.003311
8350		-0.003461
8360		-0.003886
8370		-0.004034
8380		-0.004118
8390		-0.004274
8400		-0.004486
8410		-0.004607
8420		-0.004697
8430		-0.004992
8440		-0.005334
8450		-0.005627
8460		-0.005823
8470		-0.006187
8480		-0.006482
8490		-0.006591
8500		-0.006513
8510		-0.006439
8520		-0.006022
8530		-0.005641
8540		-0.005461
8550		-0.005234
8560		-0.004891
8570		-0.004969
8580		-0.005409
8590		-0.005857
8600		-0.006148
8610		-0.006345
8620		-0.006666
8630		-0.006993
8640		-0.007311
8650		-0.007590
8660		-0.007781
8670		-0.008051
8680		-0.008449
8690		-0.008708
8700		-0.008863
8710		-0.009063
8720		-0.009213
8730		-0.009556
8740		-0.010068
8750		-0.010728
8760		-0.011375
8770		-0.011854
8780		-0.012403
8790		-0.012825
8800		-0.013239
8810		-0.013556
8820		-0.013734
8830		-0.013758
8840		-0.013932
8850		-0.013955
8860		-0.013892
8870		-0.013518
8880		-0.013256
8890		-0.013053
8900		-0.013117
8910		-0.013219
8920		-0.013322
8930		-0.013455
8940		-0.013446
8950		-0.013364
8960		-0.013247
8970		-0.013178
8980		-0.013092
8990		-0.013162
9000		-0.013291
9010		-0.013295
9020		-0.013067
9030		-0.012835
9040		-0.012851
9050		-0.013130
9060		-0.013310
9070		-0.013604
9080		-0.014076
9090		-0.014634
9100		-0.015127
9110		-0.015182
9120		-0.014907
9130		-0.014734
9140		-0.014597
9150		-0.014432
9160		-0.014387
9170		-0.014554
9180		-0.014646
9190		-0.014666
9200		-0.014996
9210		-0.015543
9220		-0.016150
9230		-0.016832
9240		-0.017438
9250		-0.018004
9260		-0.018492
9270		-0.019068
9280		-0.019730
9290		-0.020230
9300		-0.020601
9310		-0.021186
9320		-0.021809
9330		-0.022515
9340		-0.023068
9350		-0.023608
9360		-0.024195
9370		-0.024604
9380		-0.025251
9390		-0.026060
9400		-0.026955
9410		-0.027812
9420		-0.028751
9430		-0.029466
9440		-0.029887
9450		-0.030012
9460		-0.030210
9470		-0.030668
9480		-0.030963
9490		-0.031188
9500		-0.031347
9510		-0.031453
9520		-0.031548
9530		-0.031581
9540		-0.031530
9550		-0.031374
9560		-0.031080
9570		-0.030706
9580		-0.030201
9590		-0.029499
9600		-0.029099
9610		-0.028929
9620		-0.028616
9630		-0.028145
9640		-0.027924
9650		-0.027715
9660		-0.027472
9670		-0.027455
9680		-0.027637
9690		-0.027857
9700		-0.027905
9710		-0.027802
9720		-0.027780
9730		-0.027650
9740		-0.027677
9750		-0.027720
9760		-0.027667
9770		-0.027712
9780		-0.027674
9790		-0.027697
9800		-0.027663
9810		-0.027775
9820		-0.027857
9830		-0.027928
9840		-0.027839
9850		-0.027811
9860		-0.027824
9870		-0.027921
9880		-0.028135
9890		-0.028439
9900		-0.028592
9910		-0.028698
9920		-0.028369
9930		-0.027959
9940		-0.027572
9950		-0.027313
9960		-0.027196
9970		-0.027281
9980		-0.027700
9990		-0.028152
10000		-0.028514
10010		-0.028826
10020		-0.029252
10030		-0.029705
10040		-0.030019
10050		-0.030295
10060		-0.030278
10070		-0.030132
10080		-0.030017
10090		-0.030056
10100		-0.030194
10110		-0.030395
10120		-0.030454
10130		-0.030470
10140		-0.030499
10150		-0.030649
10160		-0.030951
10170		-0.031224
10180		-0.031540
10190		-0.031622
10200		-0.031711
10210		-0.031580
10220		-0.031157
10230		-0.030670
10240		-0.030129
10250		-0.029487
10260		-0.028882
10270		-0.028184
10280		-0.027828
10290		-0.027559
10300		-0.027196
10310		-0.026835
10320		-0.026485
10330		-0.025999
10340		-0.025469
10350		-0.025196
10360		-0.024900
10370		-0.024585
10380		-0.024363
10390		-0.024101
10400		-0.023438
10410		-0.022936
10420		-0.022455
10430		-0.022059
10440		-0.021506
10450		-0.021012
10460		-0.020443
10470		-0.020055
10480		-0.019663
10490		-0.019180
10500		-0.019008
10510		-0.018735
10520		-0.018394
10530		-0.018077
10540		-0.018022
10550		-0.017954
10560		-0.017427
10570		-0.017024
10580		-0.016707
10590		-0.016604
10600		-0.016870
10610		-0.017068
10620		-0.017263
10630		-0.017560
10640		-0.017947
10650		-0.018012
10660		-0.018189
10670		-0.018341
10680		-0.018497
10690		-0.018518
10700		-0.018246
10710		-0.017841
10720		-0.017359
10730		-0.017306
10740		-0.017123
10750		-0.016957
10760		-0.016679
10770		-0.016082
10780		-0.015229
10790		-0.014386
10800		-0.013487
10810		-0.012617
10820		-0.011834
10830		-0.010843
10840		-0.010037
10850		-0.009449
10860		-0.008959
10870		-0.008456
10880		-0.008087
10890		-0.007773
10900		-0.007516
10910		-0.007434
10920		-0.007341
10930		-0.007264
10940		-0.007284
10950		-0.007167
10960		-0.007029
10970		-0.006924
10980		-0.006629
10990		-0.006313
11000		-0.005991
11010		-0.005781
11020		-0.005672
11030		-0.005446
11040		-0.004899
11050		-0.004419
11060		-0.004373
11070		-0.004284
11080		-0.004180
11090		-0.003890
11100		-0.003542
11110		-0.003303
11120		-0.002847
11130		-0.002190
11140		-0.001481
11150		-0.000792
11160		-0.000207
11170		0.000323
11180		0.000693
11190		0.000903
11200		0.000952
11210		0.000937
11220		0.001068
11230		0.001075
11240		0.000945
11250		0.001030
11260		0.001275
11270		0.001337
11280		0.001473
11290		0.001678
11300		0.001885
11310		0.002264
11320		0.002694
11330		0.002758
11340		0.002537
11350		0.002286
11360		0.002351
11370		0.002491
11380		0.002738
11390		0.002873
11400		0.003069
11410		0.003276
11420		0.003616
11430		0.004130
11440		0.004773
11450		0.005101
11460		0.005170
11470		0.005146
11480		0.005090
11490		0.005143
11500		0.005132
11510		0.004723
11520		0.004579
11530		0.004401
11540		0.004249
11550		0.004123
11560		0.003999
11570		0.003611
11580		0.003120
11590		0.002570
11600		0.001850
11610		0.001174
11620		0.000593
11630		0.000269
11640		0.000052
11650		-0.000169
11660		-0.000420
11670		-0.000631
11680		-0.000730
11690		-0.000969
11700		-0.001059
11710		-0.001229
11720		-0.001355
11730		-0.001568
11740		-0.001860
11750		-0.002114
11760		-0.002194
11770		-0.002463
11780		-0.002705
11790		-0.003217
11800		-0.003645
11810		-0.003929
11820		-0.004297
11830		-0.004645
11840		-0.005040
11850		-0.005598
11860		-0.006411
11870		-0.007214
11880		-0.007942
11890		-0.008554
11900		-0.008766
11910		-0.008853
11920		-0.008688
11930		-0.008313
11940		-0.007986
11950		-0.007927
11960		-0.007752
11970		-0.007490
11980		-0.007229
11990		-0.007078
12000		-0.007004
12010		-0.006911
12020		-0.006490
12030		-0.006253
12040		-0.005968
12050		-0.005856
12060		-0.005983
12070		-0.006016
12080		-0.006072
12090		-0.006422
12100		-0.006599
12110		-0.006615
12120		-0.006749
12130		-0.006631
12140		-0.006048
12150		-0.005326
12160		-0.004372
12170		-0.003592
12180		-0.002867
12190		-0.002182
12200		-0.001464
12210		-0.000904
12220		-0.000277
12230		0.000501
12240		0.001365
12250		0.002250
12260		0.003038
12270		0.003662
12280		0.004293
12290		0.004983
12300		0.005635
12310		0.006196
12320		0.006560
12330		0.006784
12340		0.006953
12350		0.007080
12360		0.007064
12370		0.006884
12380		0.006863
12390		0.006927
12400		0.006977
12410		0.007108
12420		0.007083
12430		0.007040
12440		0.007126
12450		0.007297
12460		0.007470
12470		0.007653
12480		0.007773
12490		0.007718
12500		0.007637
12510		0.007531
12520		0.007468
12530		0.007332
12540		0.007289
12550		0.007374
12560		0.007339
12570		0.007136
12580		0.006960
12590		0.006700
12600		0.006347
12610		0.006186
12620		0.005965
12630		0.005840
12640		0.005820
12650		0.005863
12660		0.006024
12670		0.006088
12680		0.006035
12690		0.005961
12700		0.005935
12710		0.006179
12720		0.006519
12730		0.006679
12740		0.006624
12750		0.006436
12760		0.006116
12770		0.005728
12780		0.005354
12790		0.004818
12800		0.004407
12810		0.004169
12820		0.004033
12830		0.003754
12840		0.003391
12850		0.003235
12860		0.003248
12870		0.002955
12880		0.002780
12890		0.002613
12900		0.002551
12910		0.002644
12920		0.002789
12930		0.003008
12940		0.002996
12950		0.002840
12960		0.002691
12970		0.002759
12980		0.002925
12990		0.002801
13000		0.002493
13010		0.002264
13020		0.001861
13030		0.001380
13040		0.000926
13050		0.000413
13060		-0.000059
13070		-0.000444
13080		-0.001010
13090		-0.001615
13100		-0.002154
13110		-0.002802
13120		-0.003323
13130		-0.003822
13140		-0.004223
13150		-0.004653
13160		-0.005054
13170		-0.005594
13180		-0.005977
13190		-0.006636
13200		-0.007609
13210		-0.008671
13220		-0.009811
13230		-0.011078
13240		-0.012310
13250		-0.013394
13260		-0.014492
13270		-0.015536
13280		-0.016710
13290		-0.017746
13300		-0.018907
13310		-0.019885
13320		-0.020947
13330		-0.022274
13340		-0.023574
13350		-0.024870
13360		-0.026130
13370		-0.027092
13380		-0.027814
13390		-0.028619
13400		-0.029535
13410		-0.030318
13420		-0.031118
13430		-0.031513
13440		-0.031782
13450		-0.032073
13460		-0.032147
13470		-0.032215
13480		-0.032326
13490		-0.032522
13500		-0.032757
13510		-0.033007
13520		-0.033280
13530		-0.033743
13540		-0.034263
13550		-0.034701
13560		-0.035000
13570		-0.035319
13580		-0.035643
13590		-0.035714
13600		-0.035933
13610		-0.036053
13620		-0.036467
13630		-0.036871
13640		-0.037563
13650		-0.038376
13660		-0.039154
13670		-0.039804
13680		-0.040617
13690		-0.041301
13700		-0.041901
13710		-0.042454
13720		-0.042897
13730		-0.043672
13740		-0.044649
13750		-0.045589
13760		-0.046610
13770		-0.047392
13780		-0.048023
13790		-0.048692
13800		-0.049058
13810		-0.048984
13820		-0.048681
13830		-0.048410
13840		-0.048421
13850		-0.048447
13860		-0.048584
13870		-0.048837
13880		-0.048792
13890		-0.048623
13900		-0.048364
13910		-0.047904
13920		-0.047228
13930		-0.046572
13940		-0.046047
13950		-0.045509
13960		-0.045040
13970		-0.044598
13980		-0.043939
13990		-0.043287
14000		-0.042481
14010		-0.041477
14020		-0.040379
14030		-0.039267
14040		-0.038292
14050		-0.037438
14060		-0.036313
14070		-0.035116
14080		-0.034358
14090		-0.033639
14100		-0.032803
14110		-0.031845
14120		-0.030983
14130		-0.029967
14140		-0.029030
14150		-0.028081
14160		-0.027228
14170		-0.026523
14180		-0.026084
14190		-0.026020
14200		-0.026283
14210		-0.026735
14220		-0.027224
14230		-0.027502
14240		-0.027603
14250		-0.027618
14260		-0.027799
14270		-0.028061
14280		-0.028208
14290		-0.028261
14300		-0.028184
14310		-0.028233
14320		-0.027978
14330		-0.027666
14340		-0.027332
14350		-0.026855
14360		-0.026531
14370		-0.026601
14380		-0.026613
14390		-0.026462
14400		-0.026275
14410		-0.026183
14420		-0.025881
14430		-0.025444
14440		-0.025119
14450		-0.024734
14460		-0.024334
14470		-0.023859
14480		-0.023498
14490		-0.023168
14500		-0.022692
14510		-0.022094
14520		-0.021194
14530		-0.020318
14540		-0.019343
14550		-0.018332
14560		-0.017548
14570		-0.016834
14580		-0.016088
14590		-0.015312
14600		-0.014556
14610		-0.014099
14620		-0.013679
14630		-0.013537
14640		-0.013297
14650		-0.012867
14660		-0.012130
14670		-0.011340
14680		-0.010580
14690		-0.009846
14700		-0.009232
14710		-0.008820
14720		-0.008336
14730		-0.007953
14740		-0.007832
14750		-0.007762
14760		-0.007831
14770		-0.007866
14780		-0.008051
14790		-0.008240
14800		-0.008464
14810		-0.008393
14820		-0.008237
14830		-0.007961
14840		-0.007915
14850		-0.008133
14860		-0.008343
14870		-0.008395
14880		-0.008316
14890		-0.008457
14900		-0.008714
14910		-0.008933
14920		-0.009028
14930		-0.008981
14940		-0.008825
14950		-0.008696
14960		-0.008688
14970		-0.009001
14980		-0.009534
14990		-0.010075
15000		-0.010267
15010		-0.010333
15020		-0.010437
15030		-0.010400
15040		-0.010443
15050		-0.010384
15060		-0.010300
15070		-0.010229
15080		-0.010240
15090		-0.010188
15100		-0.010162
15110		-0.010210
15120		-0.010050
15130		-0.009731
15140		-0.009232
15150		-0.008575
15160		-0.007920
15170		-0.007005
15180		-0.006087
15190		-0.004993
15200		-0.003677
15210		-0.002375
15220		-0.001132
15230		0.000231
15240		0.001686
15250		0.003035
15260		0.004444
15270		0.005915
15280		0.007132
15290		0.008011
15300		0.008659
15310		0.009076
15320		0.009403
15330		0.009512
15340		0.009483
15350		0.009378
15360		0.009217
15370		0.008892
15380		0.008481
15390		0.007884
15400		0.007117
15410		0.006408
15420		0.005808
15430		0.005246
15440		0.004839
15450		0.004579
15460		0.004507
15470		0.004397
15480		0.004235
15490		0.003906
15500		0.003518
15510		0.003083
15520		0.002741
15530		0.002290
15540		0.001740
15550		0.001035
15560		0.000316
15570		-0.000230
15580		-0.000797
15590		-0.001253
15600		-0.001306
15610		-0.001347
15620		-0.001450
15630		-0.001751
15640		-0.002086
15650		-0.002461
15660		-0.002658
15670		-0.002796
15680		-0.002822
15690		-0.002976
15700		-0.003307
15710		-0.004007
15720		-0.004603
15730		-0.005280
15740		-0.005886
15750		-0.006452
15760		-0.007055
15770		-0.007947
15780		-0.008866
15790		-0.009760
15800		-0.010592
15810		-0.011096
15820		-0.011402
15830		-0.011581
15840		-0.012037
15850		-0.012668
15860		-0.013350
15870		-0.013846
15880		-0.014343
15890		-0.014752
15900		-0.015156
15910		-0.015479
15920		-0.015817
15930		-0.016114
15940		-0.016532
15950		-0.017306
15960		-0.018173
15970		-0.018921
15980		-0.019677
15990		-0.020176
16000		-0.020725
16010		-0.021389
16020		-0.022036
16030		-0.022604
16040		-0.023160
16050		-0.023635
16060		-0.024203
16070		-0.024626
16080		-0.025068
16090		-0.025283
16100		-0.025427
16110		-0.025573
16120		-0.025757
16130		-0.026318
16140		-0.026980
16150		-0.027474
16160		-0.027860
16170		-0.028153
16180		-0.028457
16190		-0.028944
16200		-0.029270
16210		-0.029355
16220		-0.029157
16230		-0.029057
16240		-0.029174
16250		-0.029362
16260		-0.029557
16270		-0.029487
16280		-0.029101
16290		-0.028562
16300		-0.028141
16310		-0.027704
16320		-0.027190
16330		-0.026775
16340		-0.026229
16350		-0.025780
16360		-0.025429
16370		-0.025147
16380		-0.024987
16390		-0.024912
16400		-0.024731
16410		-0.024573
16420		-0.024289
16430		-0.024138
16440		-0.023597
16450		-0.022946
16460		-0.022254
16470		-0.021541
16480		-0.020789
16490		-0.019886
16500		-0.018934
16510		-0.018065
16520		-0.017290
16530		-0.016643
16540		-0.016023
16550		-0.015363
16560		-0.014951
16570		-0.014752
16580		-0.014706
16590		-0.014655
16600		-0.014402
16610		-0.014317
16620		-0.014552
16630		-0.014852
16640		-0.015263
16650		-0.015556
16660		-0.015858
16670		-0.016355
16680		-0.016696
16690		-0.017173
16700		-0.017584
16710		-0.018251
16720		-0.019151
16730		-0.019948
16740		-0.020569
16750		-0.021193
16760		-0.021952
16770		-0.022583
16780		-0.022957
16790		-0.023101
16800		-0.023401
16810		-0.023667
16820		-0.023882
16830		-0.023937
16840		-0.024103
16850		-0.024411
16860		-0.024665
16870		-0.024998
16880		-0.025204
16890		-0.025130
16900		-0.024824
16910		-0.024342
16920		-0.023666
16930		-0.023264
16940		-0.022806
16950		-0.022372
16960		-0.022140
16970		-0.022254
16980		-0.022543
16990		-0.022889
17000		-0.023185
17010		-0.023776
17020		-0.024401
17030		-0.025134
17040		-0.025849
17050		-0.026437
17060		-0.027174
17070		-0.028035
17080		-0.028865
17090		-0.029659
17100		-0.030503
17110		-0.031155
17120		-0.031617
17130		-0.032038
17140		-0.032437
17150		-0.032755
17160		-0.032957
17170		-0.033293
17180		-0.033436
17190		-0.033635
17200		-0.033858
17210		-0.034214
17220		-0.034757
17230		-0.035347
17240		-0.035825
17250		-0.036172
17260		-0.036648
17270		-0.037148
17280		-0.037413
17290		-0.037714
17300		-0.038050
17310		-0.038435
17320		-0.038817
17330		-0.039601
17340		-0.040509
17350		-0.041205
17360		-0.041838
17370		-0.042055
17380		-0.042186
17390		-0.042340
17400		-0.042334
17410		-0.042342
17420		-0.042383
17430		-0.042251
17440		-0.042291
17450		-0.042458
17460		-0.042352
17470		-0.042083
17480		-0.041704
17490		-0.041231
17500		-0.040929
17510		-0.040456
17520		-0.039627
17530		-0.038493
17540		-0.037188
17550		-0.035850
17560		-0.034621
17570		-0.033314
17580		-0.032261
17590		-0.031079
17600		-0.029800
17610		-0.028314
17620		-0.026857
17630		-0.025578
17640		-0.024384
17650		-0.023164
17660		-0.021896
17670		-0.020680
17680		-0.019635
17690		-0.018729
17700		-0.017921
17710		-0.017379
17720		-0.016917
17730		-0.016706
17740		-0.016643
17750		-0.016499
17760		-0.016722
17770		-0.017304
17780		-0.017684
17790		-0.017929
17800		-0.018138
17810		-0.018531
17820		-0.018962
17830		-0.019437
17840		-0.019905
17850		-0.020567
17860		-0.021322
17870		-0.022091
17880		-0.022753
17890		-0.023374
17900		-0.023966
17910		-0.024536
17920		-0.025193
17930		-0.025737
17940		-0.026229
17950		-0.026825
17960		-0.027540
17970		-0.028511
17980		-0.029297
17990		-0.029821
18000		-0.030302
18010		-0.030837
18020		-0.031299
18030		-0.031363
18040		-0.031098
18050		-0.030816
18060		-0.030751
18070		-0.030538
18080		-0.030211
18090		-0.029723
18100		-0.029480
18110		-0.029195
18120		-0.029030
18130		-0.028675
18140		-0.027977
18150		-0.026973
18160		-0.026045
18170		-0.025412
18180		-0.024704
18190		-0.023906
18200		-0.023290
18210		-0.022980
18220		-0.022724
18230		-0.022738
18240		-0.022944
18250		-0.023038
18260		-0.022973
18270		-0.022839
18280		-0.022788
18290		-0.022642
18300		-0.022456
18310		-0.022315
18320		-0.021834
18330		-0.021421
18340		-0.021104
18350		-0.020773
18360		-0.020435
18370		-0.020001
18380		-0.019330
18390		-0.018255
18400		-0.016993
18410		-0.015946
18420		-0.014828
18430		-0.013902
18440		-0.013074
18450		-0.012335
18460		-0.011624
18470		-0.010890
18480		-0.010241
18490		-0.009744
18500		-0.009439
18510		-0.009411
18520		-0.009394
18530		-0.009200
18540		-0.009139
18550		-0.009118
18560		-0.009277
18570		-0.009392
18580		-0.009327
18590		-0.009138
18600		-0.008927
18610		-0.008843
18620		-0.008616
18630		-0.008337
18640		-0.008327
18650		-0.008417
18660		-0.008484
18670		-0.008493
18680		-0.008474
18690		-0.008416
18700		-0.008481
18710		-0.008602
18720		-0.008668
18730		-0.008736
18740		-0.008651
18750		-0.008713
18760		-0.008779
18770		-0.008702
18780		-0.008763
18790		-0.008673
18800		-0.008444
18810		-0.008248
18820		-0.008107
18830		-0.008004
18840		-0.007914
18850		-0.007615
18860		-0.007067
18870		-0.006351
18880		-0.005857
18890		-0.005789
18900		-0.005751
18910		-0.005730
18920		-0.005425
18930		-0.005022
18940		-0.004760
18950		-0.004562
18960		-0.004396
18970		-0.004313
18980		-0.004396
18990		-0.004523
19000		-0.004407
19010		-0.004446
19020		-0.004380
19030		-0.004137
19040		-0.003871
19050		-0.003575
19060		-0.003323
19070		-0.002671
19080		-0.001929
19090		-0.001061
19100		0.000029
19110		0.001282
19120		0.002604
19130		0.003917
19140		0.005262
19150		0.006670
19160		0.007917
19170		0.009087
19180		0.010356
19190		0.011749
19200		0.013310
19210		0.014769
19220		0.016171
19230		0.017369
19240		0.018413
19250		0.019413
19260		0.019986
19270		0.020337
19280		0.020530
19290		0.020574
19300		0.020709
19310		0.020778
19320		0.020595
19330		0.020037
19340		0.019316
19350		0.018756
19360		0.018396
19370		0.017987
19380		0.017779
19390		0.017670
19400		0.017544
19410		0.017732
19420		0.017917
19430		0.018263
19440		0.018513
19450		0.018729
19460		0.018959
19470		0.019119
19480		0.019193
19490		0.019517
19500		0.019783
19510		0.020034
19520		0.020301
19530		0.020678
19540		0.021268
19550		0.021861
19560		0.022224
19570		0.022431
19580		0.022392
19590		0.022451
19600		0.022459
19610		0.022615
19620		0.022756
19630		0.022698
19640		0.022560
19650		0.022377
19660		0.022047
19670		0.021758
19680		0.021498
19690		0.021027
19700		0.020496
19710		0.019919
19720		0.019367
19730		0.018755
19740		0.018117
19750		0.017651
19760		0.017171
19770		0.016707
19780		0.016340
19790		0.015790
19800		0.015303
19810		0.015079
19820		0.015131
19830		0.015258
19840		0.015392
19850		0.015722
19860		0.016267
19870		0.016933
19880		0.017272
19890		0.017440
19900		0.017473
19910		0.017193
19920		0.016958
19930		0.016868
19940		0.016695
19950		0.016598
19960		0.016415
19970		0.016260
19980		0.016156
19990		0.016129
