k		corr_k
0		1.000000
100		0.907424
200		0.823669
300		0.747820
400		0.677151
500		0.612021
600		0.550715
700		0.496349
800		0.447305
900		0.406088
1000		0.369222
1100		0.333098
1200		0.302048
1300		0.274215
1400		0.250905
1500		0.231268
1600		0.212748
1700		0.196420
1800		0.180881
1900		0.170017
2000		0.160613
2100		0.151094
2200		0.141842
2300		0.133402
2400		0.125065
2500		0.115231
2600		0.106281
2700		0.098580
2800		0.090927
2900		0.086813
3000		0.083117
3100		0.079944
3200		0.078359
3300		0.075942
3400		0.076793
3500		0.076024
3600		0.073656
3700		0.071759
3800		0.065890
3900		0.059649
4000		0.052794
4100		0.045472
4200		0.039115
4300		0.035412
4400		0.032576
4500		0.028895
4600		0.025204
4700		0.022018
4800		0.020312
4900		0.020376
5000		0.017945
5100		0.015280
5200		0.011331
5300		0.007702
5400		0.003178
5500		0.001316
5600		0.001149
5700		0.000847
5800		0.000330
5900		0.001701
6000		0.003742
6100		0.007369
6200		0.011784
6300		0.017371
6400		0.021995
6500		0.024176
6600		0.026883
6700		0.027276
6800		0.026430
6900		0.023681
7000		0.020830
7100		0.020082
7200		0.018011
7300		0.014114
7400		0.011139
7500		0.011690
7600		0.015207
7700		0.017754
7800		0.019870
7900		0.023638
8000		0.026625
8100		0.027803
8200		0.027270
8300		0.025555
8400		0.023215
8500		0.023043
8600		0.024243
8700		0.025267
8800		0.026946
8900		0.028100
9000		0.029473
9100		0.030051
9200		0.030776
9300		0.031608
9400		0.033967
9500		0.033864
9600		0.034522
9700		0.034450
9800		0.034364
9900		0.033168
10000		0.031667
10100		0.031248
10200		0.029572
10300		0.026939
10400		0.022997
10500		0.019566
10600		0.018525
10700		0.018482
10800		0.018078
10900		0.019719
11000		0.022083
11100		0.024447
11200		0.025752
11300		0.024890
11400		0.024753
11500		0.024185
11600		0.023665
11700		0.023716
11800		0.022566
11900		0.021039
12000		0.021048
12100		0.023287
12200		0.024768
12300		0.027003
12400		0.028094
12500		0.028282
12600		0.027504
12700		0.026455
12800		0.023890
12900		0.018506
13000		0.013030
13100		0.009308
13200		0.006007
13300		0.002029
13400		-0.001976
13500		-0.004331
13600		-0.006230
13700		-0.007030
13800		-0.007028
13900		-0.008126
14000		-0.009613
14100		-0.008156
14200		-0.005164
14300		-0.001220
14400		0.001376
14500		0.001006
14600		0.001387
14700		0.001214
14800		0.000897
14900		-0.000626
15000		-0.005064
15100		-0.009067
15200		-0.014382
15300		-0.019850
15400		-0.021255
15500		-0.021850
15600		-0.022395
15700		-0.023555
15800		-0.025836
15900		-0.028908
16000		-0.033553
16100		-0.035850
16200		-0.036858
16300		-0.040158
16400		-0.044089
16500		-0.046041
16600		-0.048805
16700		-0.053015
16800		-0.059969
16900		-0.068296
17000		-0.075560
17100		-0.080562
17200		-0.084979
17300		-0.086872
17400		-0.087728
17500		-0.085904
17600		-0.082066
17700		-0.077969
17800		-0.073057
17900		-0.069935
18000		-0.065778
18100		-0.061043
18200		-0.057835
18300		-0.055013
18400		-0.051296
18500		-0.046710
18600		-0.041139
18700		-0.037951
18800		-0.035459
18900		-0.034269
19000		-0.034288
19100		-0.034928
19200		-0.034352
19300		-0.033585
19400		-0.033229
19500		-0.033023
19600		-0.035528
19700		-0.039119
19800		-0.043768
19900		-0.046534
20000		-0.048705
20100		-0.049886
20200		-0.049920
20300		-0.049948
20400		-0.049377
20500		-0.047077
20600		-0.045298
20700		-0.042501
20800		-0.038230
20900		-0.032984
21000		-0.026518
21100		-0.021913
21200		-0.018067
21300		-0.018008
21400		-0.020009
21500		-0.020109
21600		-0.019125
21700		-0.016150
21800		-0.012832
21900		-0.011556
22000		-0.013504
22100		-0.014980
22200		-0.015115
22300		-0.014486
22400		-0.014436
22500		-0.018872
22600		-0.023103
22700		-0.027115
22800		-0.030440
22900		-0.032698
23000		-0.033684
23100		-0.037621
23200		-0.040917
23300		-0.042444
23400		-0.043994
23500		-0.048524
23600		-0.053749
23700		-0.058565
23800		-0.061495
23900		-0.061791
24000		-0.062465
24100		-0.062401
24200		-0.061011
24300		-0.057607
24400		-0.053884
24500		-0.050352
24600		-0.047233
24700		-0.045986
24800		-0.047183
24900		-0.047182
25000		-0.045799
25100		-0.044960
25200		-0.044613
25300		-0.043533
25400		-0.041463
25500		-0.037195
25600		-0.033901
25700		-0.033992
25800		-0.036047
25900		-0.039225
26000		-0.044086
26100		-0.048188
26200		-0.051509
26300		-0.055246
26400		-0.058022
26500		-0.060508
26600		-0.063282
26700		-0.065376
26800		-0.066968
26900		-0.068034
27000		-0.065446
27100		-0.063069
27200		-0.063306
27300		-0.061862
27400		-0.059270
27500		-0.057227
27600		-0.053836
27700		-0.050329
27800		-0.049726
27900		-0.050039
28000		-0.049765
28100		-0.052515
28200		-0.054851
28300		-0.054877
28400		-0.057380
28500		-0.058112
28600		-0.055790
28700		-0.052907
28800		-0.052945
28900		-0.052328
29000		-0.051346
29100		-0.051340
29200		-0.050983
29300		-0.050274
29400		-0.049070
29500		-0.048023
29600		-0.047308
29700		-0.048634
29800		-0.048640
29900		-0.050323
30000		-0.051690
30100		-0.053804
30200		-0.054380
30300		-0.055290
30400		-0.056885
30500		-0.058318
30600		-0.056631
30700		-0.056059
30800		-0.054112
30900		-0.050938
31000		-0.045539
31100		-0.039871
31200		-0.034609
31300		-0.028761
31400		-0.025265
31500		-0.025619
31600		-0.025262
31700		-0.025727
31800		-0.027299
31900		-0.031267
32000		-0.034160
32100		-0.036213
32200		-0.036757
32300		-0.035822
32400		-0.036843
32500		-0.039135
32600		-0.042418
32700		-0.047252
32800		-0.052607
32900		-0.059123
33000		-0.064039
33100		-0.067808
33200		-0.071135
33300		-0.073392
33400		-0.075980
33500		-0.076798
33600		-0.077735
33700		-0.080025
33800		-0.081277
33900		-0.080932
34000		-0.077579
34100		-0.070849
34200		-0.066101
34300		-0.062284
34400		-0.057110
34500		-0.053463
34600		-0.050227
34700		-0.048719
34800		-0.049259
34900		-0.048658
35000		-0.048698
35100		-0.047698
35200		-0.046014
35300		-0.044381
35400		-0.040773
35500		-0.034349
35600		-0.026863
35700		-0.019610
35800		-0.013942
35900		-0.009283
36000		-0.004137
36100		0.001231
36200		0.005612
36300		0.011184
36400		0.017206
36500		0.022307
36600		0.027025
36700		0.032626
36800		0.034791
36900		0.033646
37000		0.031365
37100		0.026868
37200		0.021166
37300		0.014470
37400		0.009231
37500		0.006819
37600		0.005983
37700		0.004544
37800		0.007008
37900		0.009297
38000		0.011434
38100		0.011726
38200		0.013740
38300		0.015626
38400		0.017688
38500		0.022085
38600		0.027176
38700		0.032244
38800		0.038959
38900		0.046091
39000		0.051670
39100		0.054120
39200		0.056983
39300		0.059725
39400		0.062050
39500		0.063645
39600		0.062252
39700		0.061104
39800		0.061012
39900		0.058509
40000		0.054598
40100		0.051372
40200		0.050139
40300		0.050894
40400		0.052980
40500		0.052544
40600		0.051518
40700		0.048404
40800		0.041784
40900		0.035644
41000		0.031878
41100		0.029203
41200		0.026660
41300		0.026731
41400		0.026741
41500		0.025629
41600		0.022164
41700		0.019192
41800		0.015657
41900		0.011628
42000		0.008392
42100		0.005509
42200		0.002209
42300		0.002225
42400		0.002008
42500		0.003289
42600		0.004457
42700		0.005380
42800		0.006741
42900		0.005583
43000		0.004743
43100		0.001196
43200		-0.000814
43300		-0.002249
43400		-0.003631
43500		-0.003073
43600		-0.003485
43700		-0.004175
43800		-0.006039
43900		-0.008664
44000		-0.011705
44100		-0.014457
44200		-0.016796
44300		-0.020177
44400		-0.022999
44500		-0.023909
44600		-0.024373
44700		-0.025076
44800		-0.025252
44900		-0.024658
45000		-0.023733
45100		-0.020456
45200		-0.018242
45300		-0.016274
45400		-0.015281
45500		-0.017954
45600		-0.021590
45700		-0.023168
45800		-0.022919
45900		-0.022696
46000		-0.023259
46100		-0.022958
46200		-0.020246
46300		-0.015807
46400		-0.013128
46500		-0.011458
46600		-0.008413
46700		-0.004553
46800		-0.001000
46900		0.001971
47000		0.005083
47100		0.008367
47200		0.010357
47300		0.010086
47400		0.010085
47500		0.008273
47600		0.005899
47700		0.004531
47800		0.002924
47900		0.003819
48000		0.001413
48100		0.001596
48200		0.002913
48300		0.004327
48400		0.005351
48500		0.005744
48600		0.005943
48700		0.004531
48800		0.006113
48900		0.008196
49000		0.008714
49100		0.009228
49200		0.010978
49300		0.014944
49400		0.017324
49500		0.016898
49600		0.016240
49700		0.015175
49800		0.012007
49900		0.009172
50000		0.005378
50100		0.002094
50200		0.000754
50300		0.002472
50400		0.004617
50500		0.009191
50600		0.014315
50700		0.018053
50800		0.021287
50900		0.025494
51000		0.029883
51100		0.033898
51200		0.035466
51300		0.037382
51400		0.038709
51500		0.039851
51600		0.038476
51700		0.037577
51800		0.035349
51900		0.030695
52000		0.027526
52100		0.023779
52200		0.021435
52300		0.020576
52400		0.018261
52500		0.016209
52600		0.014285
52700		0.012765
52800		0.011055
52900		0.012758
53000		0.013252
53100		0.009671
53200		0.008610
53300		0.010383
53400		0.010974
53500		0.010640
53600		0.009408
53700		0.009193
53800		0.009535
53900		0.009289
54000		0.009227
54100		0.009783
54200		0.010703
54300		0.010739
54400		0.010618
54500		0.010514
54600		0.009585
54700		0.007622
54800		0.005660
54900		0.004318
55000		0.003150
55100		0.001429
55200		-0.003582
55300		-0.006881
55400		-0.009443
55500		-0.011849
55600		-0.013040
55700		-0.014845
55800		-0.017859
55900		-0.019793
56000		-0.019795
56100		-0.019331
56200		-0.019969
56300		-0.019813
56400		-0.017003
56500		-0.015986
56600		-0.015569
56700		-0.016126
56800		-0.016014
56900		-0.014943
57000		-0.017215
57100		-0.019524
57200		-0.022117
57300		-0.026703
57400		-0.028452
57500		-0.029483
57600		-0.028955
57700		-0.028323
57800		-0.026552
57900		-0.025108
58000		-0.025046
58100		-0.024754
58200		-0.024996
58300		-0.024738
58400		-0.028619
58500		-0.029855
58600		-0.029425
58700		-0.028835
58800		-0.026859
58900		-0.027181
59000		-0.024427
59100		-0.021293
59200		-0.020595
59300		-0.021468
59400		-0.022280
59500		-0.020896
59600		-0.019557
59700		-0.018013
59800		-0.014192
59900		-0.009176
60000		-0.000409
60100		0.006853
60200		0.012980
60300		0.018585
60400		0.022738
60500		0.024495
60600		0.026025
60700		0.026659
60800		0.027561
60900		0.029931
61000		0.030832
61100		0.030307
61200		0.030739
61300		0.029839
61400		0.029454
61500		0.027987
61600		0.026675
61700		0.024805
61800		0.022036
61900		0.020365
62000		0.020147
62100		0.018739
62200		0.017161
62300		0.013960
62400		0.010649
62500		0.008850
62600		0.007080
62700		0.006157
62800		0.004977
62900		0.003869
63000		0.001685
63100		-0.002391
63200		-0.005659
63300		-0.008784
63400		-0.013020
63500		-0.015857
63600		-0.016149
63700		-0.015697
63800		-0.014006
63900		-0.012121
64000		-0.009366
64100		-0.005032
64200		0.001761
64300		0.006347
64400		0.009873
64500		0.011493
64600		0.011959
64700		0.010423
64800		0.007808
64900		0.005410
65000		0.003117
65100		-0.000782
65200		-0.005926
65300		-0.009763
65400		-0.013803
65500		-0.019347
65600		-0.022557
65700		-0.022912
65800		-0.022976
65900		-0.021886
66000		-0.017904
66100		-0.013529
66200		-0.008551
66300		-0.004081
66400		-0.002991
66500		-0.003805
66600		-0.004102
66700		-0.004533
66800		-0.004236
66900		-0.002924
67000		-0.001604
67100		-0.000993
67200		-0.001989
67300		-0.003842
67400		-0.005654
67500		-0.007983
67600		-0.010600
67700		-0.011780
67800		-0.013084
67900		-0.012644
68000		-0.011549
68100		-0.008973
68200		-0.003815
68300		-0.000475
68400		0.001990
68500		0.005837
68600		0.006913
68700		0.008671
68800		0.010364
68900		0.010746
69000		0.010800
69100		0.012133
69200		0.013919
69300		0.015647
69400		0.017709
69500		0.017407
69600		0.017032
69700		0.015879
69800		0.014662
69900		0.013625
70000		0.013709
70100		0.014604
70200		0.014049
70300		0.013393
70400		0.012869
70500		0.015883
70600		0.018795
70700		0.021364
70800		0.025821
70900		0.029609
71000		0.033055
71100		0.035920
71200		0.038232
71300		0.041059
71400		0.043192
71500		0.043933
71600		0.045119
71700		0.043581
71800		0.039767
71900		0.037191
72000		0.032557
72100		0.028996
72200		0.025360
72300		0.022059
72400		0.020256
72500		0.016681
72600		0.014930
72700		0.011998
72800		0.008846
72900		0.005636
73000		0.001184
73100		-0.005354
73200		-0.012812
73300		-0.017071
73400		-0.022241
73500		-0.029091
73600		-0.035674
73700		-0.038404
73800		-0.041770
73900		-0.041633
74000		-0.039110
74100		-0.035138
74200		-0.029220
74300		-0.025253
74400		-0.021907
74500		-0.015667
74600		-0.011187
74700		-0.007049
74800		-0.003740
74900		0.001113
75000		0.006767
75100		0.010322
75200		0.011666
75300		0.010761
75400		0.010898
75500		0.010582
75600		0.009663
75700		0.008096
75800		0.006215
75900		0.004764
76000		0.003016
76100		0.000755
76200		-0.004128
76300		-0.006600
76400		-0.006521
76500		-0.004822
76600		-0.002960
76700		0.001701
76800		0.008648
76900		0.015309
77000		0.022212
77100		0.028093
77200		0.030800
77300		0.032698
77400		0.033617
77500		0.032813
77600		0.031831
77700		0.032342
77800		0.032140
77900		0.029107
78000		0.024267
78100		0.020000
78200		0.015634
78300		0.011652
78400		0.008721
78500		0.007012
78600		0.004298
78700		0.002569
78800		0.002312
78900		0.002855
79000		0.004210
79100		0.005332
79200		0.005599
79300		0.008175
79400		0.010068
79500		0.010107
79600		0.008411
79700		0.010135
79800		0.013165
79900		0.014342
80000		0.017076
80100		0.017889
80200		0.015758
80300		0.014735
80400		0.013275
80500		0.009708
80600		0.006883
80700		0.003280
80800		0.000593
80900		0.000392
81000		-0.000028
81100		-0.000212
81200		-0.000195
81300		-0.000617
81400		-0.000128
81500		0.000735
81600		0.002263
81700		0.003718
81800		0.004713
81900		0.005118
82000		0.005543
82100		0.004798
82200		0.003573
82300		0.002693
82400		0.002505
82500		0.001418
82600		-0.001501
82700		-0.003331
82800		-0.005402
82900		-0.008933
83000		-0.011780
83100		-0.012398
83200		-0.015455
83300		-0.017697
83400		-0.019441
83500		-0.020700
83600		-0.019596
83700		-0.020386
83800		-0.020806
83900		-0.021946
84000		-0.023561
84100		-0.024248
84200		-0.024677
84300		-0.024598
84400		-0.024358
84500		-0.024705
84600		-0.024501
84700		-0.024401
84800		-0.022586
84900		-0.021639
85000		-0.019371
85100		-0.013618
85200		-0.009367
85300		-0.005052
85400		-0.000500
85500		0.005309
85600		0.011621
85700		0.017964
85800		0.020879
85900		0.024191
86000		0.026464
86100		0.029485
86200		0.031453
86300		0.030736
86400		0.030126
86500		0.030307
86600		0.028721
86700		0.025991
86800		0.022578
86900		0.017601
87000		0.013917
87100		0.013125
87200		0.011029
87300		0.009919
87400		0.009343
87500		0.008395
87600		0.007804
87700		0.007907
87800		0.008294
87900		0.007838
88000		0.010360
88100		0.015344
88200		0.020895
88300		0.023861
88400		0.024845
88500		0.026265
88600		0.027084
88700		0.028719
88800		0.029079
88900		0.030120
89000		0.029838
89100		0.030974
89200		0.033858
89300		0.034102
89400		0.033640
89500		0.034502
89600		0.034681
89700		0.034296
89800		0.031377
89900		0.026200
90000		0.023142
90100		0.019048
90200		0.014809
90300		0.010424
90400		0.007160
90500		0.003441
90600		0.002960
90700		0.001025
90800		-0.001606
90900		-0.004598
91000		-0.008551
91100		-0.012195
91200		-0.014704
91300		-0.019720
91400		-0.026922
91500		-0.033076
91600		-0.037383
91700		-0.041039
91800		-0.045527
91900		-0.049865
92000		-0.053784
92100		-0.055826
92200		-0.059016
92300		-0.060446
92400		-0.060993
92500		-0.061973
92600		-0.064528
92700		-0.063570
92800		-0.061342
92900		-0.060563
93000		-0.057926
93100		-0.054536
93200		-0.048343
93300		-0.042267
93400		-0.036182
93500		-0.032103
93600		-0.027676
93700		-0.023398
93800		-0.018169
93900		-0.012812
94000		-0.012510
94100		-0.013100
94200		-0.011846
94300		-0.010552
94400		-0.008982
94500		-0.008961
94600		-0.008371
94700		-0.006982
94800		-0.009040
94900		-0.012162
95000		-0.018522
95100		-0.024510
95200		-0.028875
95300		-0.028967
95400		-0.027952
95500		-0.025514
95600		-0.021356
95700		-0.018269
95800		-0.014590
95900		-0.010266
96000		-0.006416
96100		-0.004991
96200		-0.005238
96300		-0.006629
96400		-0.006003
96500		-0.004043
96600		-0.001654
96700		-0.000184
96800		0.002471
96900		0.004240
97000		0.002836
97100		0.002929
97200		0.000651
97300		-0.003031
97400		-0.006888
97500		-0.012890
97600		-0.014345
97700		-0.014988
97800		-0.014803
97900		-0.014027
98000		-0.011570
98100		-0.009208
98200		-0.009029
98300		-0.009854
98400		-0.011831
98500		-0.011620
98600		-0.012453
98700		-0.012044
98800		-0.012719
98900		-0.012281
99000		-0.013508
99100		-0.013550
99200		-0.012666
99300		-0.010099
99400		-0.009051
99500		-0.007233
99600		-0.004008
99700		-0.000511
99800		0.003169
99900		0.005764
